0.0625     1.11022302463e-14
0.125      1.04360964315e-14
0.1875     1.1768364061e-14
0.25       1.24344978758e-14
0.3125     1.08801856413e-14
0.375      1.13242748512e-14
0.4375     1.02140518266e-14
0.5        1.06581410364e-14
0.5625     1.02140518266e-14
0.625      1.02140518266e-14
0.6875     9.99200722163e-15
0.75       1.02140518266e-14
0.8125     9.7699626167e-15
0.875      9.32587340685e-15
0.9375     1.04360964315e-14
1.0        9.32587340685e-15
1.0625     1.04360964315e-14
1.125      9.7699626167e-15
1.1875     9.10382880193e-15
1.25       9.7699626167e-15
1.3125     9.7699626167e-15
1.375      9.54791801178e-15
1.4375     9.10382880193e-15
1.5        9.7699626167e-15
1.5625     9.99200722163e-15
1.625      9.32587340685e-15
1.6875     9.7699626167e-15
1.75       1.04360964315e-14
1.8125     1.06581410364e-14
1.875      9.7699626167e-15
1.9375     1.06581410364e-14
2.0        1.04360964315e-14
2.0625     1.11022302463e-14
2.125      1.06581410364e-14
2.1875     1.08801856413e-14
2.25       1.13242748512e-14
2.3125     1.15463194561e-14
2.375      1.11022302463e-14
2.4375     1.1768364061e-14
2.5        1.15463194561e-14
2.5625     1.15463194561e-14
2.625      1.08801856413e-14
2.6875     1.1768364061e-14
2.75       1.15463194561e-14
2.8125     1.11022302463e-14
2.875      1.11022302463e-14
2.9375     1.11022302463e-14
3.0        1.13242748512e-14
3.0625     1.11022302463e-14
3.125      1.13242748512e-14
3.1875     1.1990408666e-14
3.25       1.1768364061e-14
3.3125     1.1768364061e-14
3.375      1.15463194561e-14
3.4375     1.1768364061e-14
3.5        1.1768364061e-14
3.5625     1.22124532709e-14
3.625      1.15463194561e-14
3.6875     1.11022302463e-14
3.75       1.15463194561e-14
3.8125     1.15463194561e-14
3.875      1.11022302463e-14
3.9375     1.1990408666e-14
4.0        1.13242748512e-14
4.0625     1.15463194561e-14
4.125      1.15463194561e-14
4.1875     1.1990408666e-14
4.25       1.28785870857e-14
4.3125     1.42108547152e-14
4.375      1.64313007645e-14
4.4375     2.17603712827e-14
4.5        2.99760216649e-14
4.5625     4.39648317752e-14
4.625      7.19424519957e-14
4.6875     1.25455201783e-13
4.75       1.73194791842e-13
4.8125     2.15161222172e-13
4.875      2.50022225146e-13
4.9375     3.18189918858e-13
5.0        3.77697872977e-13
5.0625     4.31210622764e-13
5.125      4.78728168218e-13
5.1875     5.20472553944e-13
5.25       5.54445378498e-13
5.3125     6.2128080458e-13
5.375      6.82343070935e-13
5.4375     7.34745597697e-13
5.5        7.81374964731e-13
5.5625     8.22231172037e-13
5.625      8.57758308825e-13
5.6875     9.24371690303e-13
5.75       9.83879644423e-13
5.8125     1.03561603737e-12
5.875      1.0822454044e-12
5.9375     1.12310161171e-12
6.0        1.15729648087e-12
6.0625     1.22413190695e-12
6.125      1.28275168265e-12
6.1875     1.33404398639e-12
6.25       1.38089539803e-12
6.3125     1.42263978375e-12
6.375      1.45572442989e-12
6.4375     1.52211576676e-12
6.5        1.57984736404e-12
6.5625     1.63247193541e-12
6.625      1.67865721323e-12
6.6875     1.71884728672e-12
6.75       1.75304215588e-12
6.8125     1.81854531434e-12
6.875      1.87649895622e-12
6.9375     1.92867943838e-12
7.0        1.97331040397e-12
7.0625     2.01394456667e-12
7.125      2.0468071682e-12
7.1875     2.11297646047e-12
7.25       2.17004192393e-12
7.3125     2.22155627227e-12
7.375      2.26707541628e-12
7.4375     2.30682140057e-12
7.5        2.34079422512e-12
7.5625     2.40474307134e-12
7.625      2.46358489164e-12
7.6875     2.51354492775e-12
7.75       2.55884202716e-12
7.8125     2.59947618986e-12
7.875      2.63256083599e-12
7.9375     2.69584354839e-12
8.0        2.75335310107e-12
8.0625     2.80486744941e-12
8.125      2.84905432579e-12
8.1875     2.88635781942e-12
8.25       2.95918844984e-12
8.3125     3.02335934066e-12
8.375      3.07975867031e-12
8.4375     3.12971870642e-12
8.5        3.17545989503e-12
8.5625     3.21165316564e-12
8.625      3.28381766224e-12
8.6875     3.34798855306e-12
8.75       3.40460992732e-12
8.8125     3.45501405263e-12
8.875      3.49920092901e-12
8.9375     3.53539419962e-12
9.0        3.60711460701e-12
9.0625     3.67061936402e-12
9.125      3.72746278288e-12
9.1875     3.77675668517e-12
9.25       3.82116560615e-12
9.3125     3.85824705518e-12
9.375      3.92974541796e-12
9.4375     3.99325017497e-12
9.5        4.0487613262e-12
9.5625     4.09872136231e-12
9.625      4.14224210488e-12
9.6875     4.17910150929e-12
9.75       4.24971169366e-12
9.8125     4.31277236146e-12
9.875      4.3689496465e-12
9.9375     4.41802150419e-12
10.0       4.46220838057e-12
