0.0625     2.5060786127e-15
0.125      2.39216594848e-15
0.1875     2.27825328427e-15
0.25       2.27825328427e-15
0.3125     2.39216594848e-15
0.375      2.27825328427e-15
0.4375     2.39216594848e-15
0.5        1.25303930635e-15
0.5625     6.10571880184e-14
0.625      6.13989260111e-14
0.6875     6.10571880184e-14
0.75       5.99180613763e-14
0.8125     5.6045030793e-14
0.875      5.68424194425e-14
0.9375     5.62728561214e-14
1.0        5.33111268519e-14
1.0625     4.45398517075e-14
1.125      6.02597993689e-14
1.1875     5.88928473984e-14
1.25       5.18302622171e-14
1.3125     3.46294499209e-14
1.375      1.6221163384e-13
1.4375     1.58908166578e-13
1.5        1.78273319494e-13
1.5625     2.25319249814e-13
1.625      2.87287739146e-13
1.6875     2.65188682289e-13
1.75       2.66099983603e-13
1.8125     2.68150411558e-13
1.875      3.26131957643e-13
1.9375     3.21347625746e-13
2.0        3.22145014396e-13
2.0625     3.48686665157e-13
2.125      3.5199013242e-13
2.1875     3.71583110664e-13
2.25       3.57799678294e-13
2.3125     3.60077931579e-13
2.375      3.62356184863e-13
2.4375     3.68507468731e-13
2.5        3.6634312811e-13
2.5625     3.68393556066e-13
2.625      3.72380499314e-13
2.6875     3.79670909823e-13
2.75       3.48003189172e-13
2.8125     3.49939704464e-13
2.875      3.54496211032e-13
2.9375     3.60761407564e-13
3.0        3.75570053912e-13
3.0625     3.76025704569e-13
3.125      3.79556997159e-13
3.1875     3.83885678399e-13
3.25       3.91973477558e-13
3.3125     3.87303058326e-13
3.375      3.8958131161e-13
3.4375     3.93682167522e-13
3.5        4.00175189382e-13
3.5625     3.79101346502e-13
3.625      3.80810036466e-13
3.6875     3.84569154385e-13
3.75       3.89809136938e-13
3.8125     4.00175189382e-13
3.875      3.99833451389e-13
3.9375     4.02795180659e-13
4.0        4.07123861899e-13
4.0625     4.13958621752e-13
4.125      4.08262988541e-13
4.1875     4.10199503833e-13
4.25       4.14072534416e-13
4.3125     4.19540342298e-13
4.375      4.46765469045e-13
4.4375     4.48132421016e-13
4.5        4.51094150285e-13
4.5625     4.55878482182e-13
4.625      4.64421931998e-13
4.6875     4.63738456013e-13
4.75       4.66700185283e-13
4.8125     4.70801041194e-13
4.875      4.76952325062e-13
4.9375     4.67383661268e-13
5.0        4.69775827216e-13
5.0625     4.74104508456e-13
5.125      4.79458403674e-13
5.1875     4.97342691956e-13
5.25       4.99279207248e-13
5.3125     5.04519189801e-13
5.375      5.11467862318e-13
5.4375     5.23086954068e-13
5.5        5.23314779397e-13
5.5625     5.30035626585e-13
5.625      5.39832115708e-13
5.6875     5.54640762055e-13
5.75       5.07025268414e-13
5.8125     5.17391320858e-13
5.875      5.33908657168e-13
5.9375     5.56007714026e-13
6.0        6.02711906353e-13
6.0625     6.18317941351e-13
6.125      6.4668219474e-13
6.1875     6.85184675244e-13
6.25       7.44760998628e-13
6.3125     7.53987924429e-13
6.375      8.04337322011e-13
6.4375     8.74963173824e-13
6.5        8.89657907507e-13
6.5625     6.3939178423e-13
6.625      5.90864989275e-13
6.6875     5.36870386438e-13
6.75       5.18872185492e-13
6.8125     5.09759172355e-13
6.875      4.83331434258e-13
6.9375     4.58384560795e-13
7.0        4.36968979923e-13
7.0625     4.18742953649e-13
7.125      3.74886577926e-13
7.1875     3.4902840315e-13
7.25       3.22942403045e-13
7.3125     3.02893774144e-13
7.375      3.3604235943e-13
7.4375     3.03805075457e-13
7.5        2.79997328637e-13
7.5625     2.56759145137e-13
7.625      2.44456577402e-13
7.6875     2.09599302153e-13
7.75       1.79298533472e-13
7.8125     1.55832524644e-13
7.875      1.36353459064e-13
7.9375     6.89171618491e-14
8.0        3.8958131161e-14
8.0625     9.22692580129e-15
8.125      1.30999563845e-14
8.1875     1.25303930635e-15
8.25       4.03250831316e-14
8.3125     7.03980264839e-14
8.375      9.88761925373e-14
8.4375     1.15849179505e-13
8.5        1.66084664423e-13
8.5625     2.02422804307e-13
8.625      2.32837485652e-13
8.6875     2.58353922436e-13
8.75       3.91062176245e-13
8.8125     4.34121163317e-13
8.875      4.6988973988e-13
8.9375     4.99507032576e-13
9.0        5.00987897211e-13
9.0625     5.47692089538e-13
9.125      5.90751076611e-13
9.1875     6.26747478502e-13
9.25       6.50327399995e-13
9.3125     7.29041050966e-13
9.375      7.72100038039e-13
9.4375     8.15842501097e-13
9.5        8.50699776346e-13
9.5625     2.15408848028e-13
9.625      2.7874428933e-13
9.6875     3.22486752388e-13
9.75       3.64406612819e-13
9.8125     3.7875960851e-13
9.875      4.35602027952e-13
9.9375     4.99165294583e-13
10.0       5.46211224904e-13
