0.00390625 1.36564154726e-14
0.0078125  1.27681933281e-14
0.01171875 1.95408871803e-14
0.015625   1.4211554313e-14
0.01953125 1.04366101986e-14
0.0234375  9.10427698175e-15
0.02734375 8.88222144561e-15
0.03125    1.36564154726e-14
0.03515625 8.5491381414e-15
0.0390625  1.41005265449e-14
0.04296875 1.17689434154e-14
0.046875   1.90967761081e-14
0.05078125 1.60990263702e-14
0.0546875  1.77644428912e-14
0.05859375 1.32123044003e-14
0.0625     1.41005265449e-14
0.06640625 9.6594158221e-15
0.0703125  9.32633251789e-15
0.07421875 1.06586657347e-14
0.078125   1.73203318189e-14
0.08203125 1.4211554313e-14
0.0859375  1.14358601112e-14
0.08984375 9.10427698175e-15
0.09375    1.38784710088e-14
0.09765625 1.37674432407e-14
0.1015625  1.79864984274e-14
0.10546875 1.63210819063e-14
0.109375   1.34343599365e-14
0.11328125 1.12138045751e-14
0.1171875  1.05476379667e-14
0.12109375 1.24351100239e-14
0.125      8.99324921368e-15
0.12890625 1.08807212709e-14
0.1328125  1.32123044003e-14
0.13671875 1.45446376172e-14
0.140625   1.02145546625e-14
0.14453125 1.44336098491e-14
0.1484375  9.43736028596e-15
0.15234375 1.18799711835e-14
0.15625    1.47666931533e-14
0.16015625 1.48777209214e-14
0.1640625  2.03180815568e-14
0.16796875 1.27681933281e-14
0.171875   1.48777209214e-14
0.17578125 1.53218319937e-14
0.1796875  1.4322582081e-14
0.18359375 8.88222144561e-15
0.1875     1.17689434154e-14
0.19140625 1.59879986021e-14
0.1953125  1.44336098491e-14
0.19921875 1.24351100239e-14
0.203125   1.08807212709e-14
0.20703125 1.35453877046e-14
0.2109375  4.33008295473e-15
0.21484375 1.31012766323e-14
0.21875    1.36564154726e-14
0.22265625 9.21530474982e-15
0.2265625  1.54328597617e-14
0.23046875 1.36564154726e-14
0.234375   1.29902488642e-14
0.23828125 1.08807212709e-14
0.2421875  1.16579156474e-14
0.24609375 8.77119367754e-15
0.25       1.24351100239e-14
0.25390625 1.4322582081e-14
0.2578125  1.29902488642e-14
0.26171875 1.31012766323e-14
0.265625   9.43736028596e-15
0.26953125 9.43736028596e-15
0.2734375  1.62100541382e-14
0.27734375 1.49887486895e-14
0.28125    8.43811037333e-15
0.28515625 1.48777209214e-14
0.2890625  1.35453877046e-14
0.29296875 1.12138045751e-14
0.296875   8.10502706912e-15
0.30078125 1.56549152979e-14
0.3046875  1.24351100239e-14
0.30859375 1.36564154726e-14
0.3125     1.55438875298e-14
0.31640625 1.32123044003e-14
0.3203125  9.10427698175e-15
