0.0625     3.33066907388e-16
0.125      3.33066907388e-16
0.1875     3.33066907388e-16
0.25       4.99600361081e-16
0.3125     4.99600361081e-16
0.375      6.66133814775e-16
0.4375     6.66133814775e-16
0.5        6.66133814775e-16
0.5625     6.66133814775e-16
0.625      6.66133814775e-16
0.6875     4.99600361081e-16
0.75       6.66133814775e-16
0.8125     9.99200722163e-16
0.875      1.16573417586e-15
0.9375     9.99200722163e-16
1.0        9.99200722163e-16
1.0625     8.32667268469e-16
1.125      8.32667268469e-16
1.1875     9.99200722163e-16
1.25       8.32667268469e-16
1.3125     8.32667268469e-16
1.375      8.32667268469e-16
1.4375     8.32667268469e-16
1.5        9.99200722163e-16
1.5625     9.99200722163e-16
1.625      6.66133814775e-16
1.6875     9.99200722163e-16
1.75       9.99200722163e-16
1.8125     1.16573417586e-15
1.875      1.16573417586e-15
1.9375     1.16573417586e-15
2.0        9.99200722163e-16
2.0625     1.16573417586e-15
