0.0625     0.0       
0.125      2.22044604925e-16
0.1875     2.22044604925e-16
0.25       0.0       
0.3125     2.22044604925e-16
0.375      0.0       
0.4375     0.0       
0.5        2.22044604925e-16
0.5625     4.4408920985e-16
0.625      4.4408920985e-16
0.6875     4.4408920985e-16
0.75       4.4408920985e-16
0.8125     4.4408920985e-16
0.875      6.66133814775e-16
0.9375     6.66133814775e-16
1.0        6.66133814775e-16
1.0625     6.66133814775e-16
1.125      6.66133814775e-16
1.1875     8.881784197e-16
1.25       6.66133814775e-16
1.3125     8.881784197e-16
1.375      6.66133814775e-16
1.4375     8.881784197e-16
1.5        1.11022302463e-15
1.5625     1.11022302463e-15
1.625      1.11022302463e-15
1.6875     8.881784197e-16
1.75       1.11022302463e-15
1.8125     8.881784197e-16
1.875      1.33226762955e-15
1.9375     1.33226762955e-15
2.0        1.33226762955e-15
2.0625     1.11022302463e-15
2.125      1.33226762955e-15
2.1875     1.33226762955e-15
2.25       1.55431223448e-15
2.3125     1.55431223448e-15
2.375      1.33226762955e-15
2.4375     1.33226762955e-15
2.5        1.33226762955e-15
2.5625     1.55431223448e-15
2.625      1.55431223448e-15
2.6875     1.55431223448e-15
2.75       1.55431223448e-15
2.8125     1.33226762955e-15
2.875      1.55431223448e-15
2.9375     1.55431223448e-15
3.0        1.55431223448e-15
3.0625     1.7763568394e-15
3.125      1.55431223448e-15
3.1875     1.55431223448e-15
3.25       1.55431223448e-15
3.3125     1.55431223448e-15
3.375      1.55431223448e-15
3.4375     1.55431223448e-15
3.5        1.7763568394e-15
3.5625     1.55431223448e-15
3.625      1.33226762955e-15
3.6875     1.33226762955e-15
3.75       1.7763568394e-15
3.8125     1.33226762955e-15
3.875      1.55431223448e-15
3.9375     1.7763568394e-15
4.0        1.55431223448e-15
4.0625     1.55431223448e-15
4.125      1.7763568394e-15
4.1875     1.7763568394e-15
4.25       1.55431223448e-15
4.3125     1.7763568394e-15
4.375      1.7763568394e-15
4.4375     1.7763568394e-15
4.5        1.7763568394e-15
4.5625     1.7763568394e-15
4.625      1.55431223448e-15
4.6875     1.7763568394e-15
4.75       1.7763568394e-15
4.8125     1.7763568394e-15
4.875      1.7763568394e-15
4.9375     1.7763568394e-15
5.0        1.7763568394e-15
5.0625     1.55431223448e-15
5.125      1.55431223448e-15
5.1875     1.55431223448e-15
5.25       1.55431223448e-15
5.3125     1.55431223448e-15
5.375      1.33226762955e-15
5.4375     1.55431223448e-15
5.5        1.55431223448e-15
5.5625     1.7763568394e-15
5.625      1.55431223448e-15
5.6875     1.55431223448e-15
5.75       1.55431223448e-15
5.8125     1.55431223448e-15
5.875      1.55431223448e-15
5.9375     1.55431223448e-15
6.0        1.55431223448e-15
6.0625     1.55431223448e-15
6.125      1.55431223448e-15
6.1875     1.55431223448e-15
6.25       1.55431223448e-15
6.3125     1.33226762955e-15
6.375      1.55431223448e-15
6.4375     1.55431223448e-15
6.5        1.55431223448e-15
6.5625     1.7763568394e-15
6.625      1.55431223448e-15
6.6875     1.55431223448e-15
6.75       1.7763568394e-15
6.8125     1.7763568394e-15
6.875      1.33226762955e-15
6.9375     1.55431223448e-15
7.0        1.55431223448e-15
7.0625     1.55431223448e-15
7.125      1.55431223448e-15
7.1875     1.33226762955e-15
7.25       1.55431223448e-15
7.3125     1.7763568394e-15
7.375      1.55431223448e-15
7.4375     1.55431223448e-15
7.5        1.55431223448e-15
7.5625     1.7763568394e-15
7.625      1.55431223448e-15
7.6875     1.7763568394e-15
7.75       1.7763568394e-15
7.8125     1.7763568394e-15
7.875      1.7763568394e-15
7.9375     1.7763568394e-15
8.0        1.55431223448e-15
8.0625     1.7763568394e-15
8.125      1.55431223448e-15
8.1875     1.7763568394e-15
8.25       1.7763568394e-15
8.3125     1.99840144433e-15
8.375      1.7763568394e-15
8.4375     1.7763568394e-15
8.5        1.7763568394e-15
8.5625     1.99840144433e-15
8.625      1.7763568394e-15
8.6875     1.99840144433e-15
8.75       1.7763568394e-15
8.8125     1.55431223448e-15
8.875      1.7763568394e-15
8.9375     1.7763568394e-15
9.0        1.55431223448e-15
9.0625     1.7763568394e-15
9.125      1.7763568394e-15
9.1875     1.7763568394e-15
9.25       1.7763568394e-15
9.3125     1.7763568394e-15
9.375      1.7763568394e-15
9.4375     1.55431223448e-15
9.5        1.7763568394e-15
9.5625     1.55431223448e-15
9.625      1.7763568394e-15
9.6875     1.99840144433e-15
9.75       1.55431223448e-15
9.8125     1.55431223448e-15
9.875      1.55431223448e-15
9.9375     1.55431223448e-15
10.0       1.7763568394e-15
