0.0625     2.5060786127e-15
0.125      2.39216594848e-15
0.1875     2.27825328427e-15
0.25       2.27825328427e-15
0.3125     2.39216594848e-15
0.375      2.27825328427e-15
0.4375     2.39216594848e-15
0.5        1.25303930635e-15
0.5625     6.10571880184e-14
0.625      6.13989260111e-14
0.6875     6.10571880184e-14
0.75       5.99180613763e-14
0.8125     5.6045030793e-14
0.875      5.68424194425e-14
0.9375     5.62728561214e-14
1.0        5.33111268519e-14
1.0625     4.45398517075e-14
1.125      6.02597993689e-14
1.1875     5.88928473984e-14
1.25       5.18302622171e-14
1.3125     3.46294499209e-14
1.375      1.6221163384e-13
1.4375     1.58908166578e-13
1.5        1.78273319494e-13
1.5625     2.25319249814e-13
1.625      2.87287739146e-13
1.6875     2.65188682289e-13
1.75       2.66099983603e-13
1.8125     2.68150411558e-13
1.875      3.26131957643e-13
1.9375     3.21347625746e-13
2.0        3.22145014396e-13
2.0625     3.48686665157e-13
2.125      3.5199013242e-13
2.1875     3.71583110664e-13
2.25       3.57799678294e-13
2.3125     3.60077931579e-13
2.375      3.62356184863e-13
2.4375     3.68507468731e-13
2.5        3.6634312811e-13
2.5625     3.68393556066e-13
2.625      3.72380499314e-13
2.6875     3.79670909823e-13
2.75       3.48003189172e-13
2.8125     3.49939704464e-13
2.875      3.54496211032e-13
2.9375     3.60761407564e-13
3.0        3.75570053912e-13
3.0625     3.76025704569e-13
3.125      3.79556997159e-13
3.1875     3.83885678399e-13
3.25       3.91973477558e-13
3.3125     3.87303058326e-13
3.375      3.8958131161e-13
3.4375     3.93682167522e-13
3.5        4.00175189382e-13
3.5625     3.79101346502e-13
3.625      3.80810036466e-13
3.6875     3.84569154385e-13
3.75       3.89809136938e-13
3.8125     4.00175189382e-13
3.875      3.99833451389e-13
3.9375     4.02795180659e-13
4.0        4.07123861899e-13
4.0625     4.13958621752e-13
4.125      4.08262988541e-13
4.1875     4.10199503833e-13
4.25       4.14072534416e-13
4.3125     4.19540342298e-13
4.375      4.46765469045e-13
4.4375     4.48132421016e-13
4.5        4.51094150285e-13
4.5625     4.55878482182e-13
4.625      4.64421931998e-13
4.6875     4.63738456013e-13
4.75       4.66700185283e-13
4.8125     4.70801041194e-13
4.875      4.76952325062e-13
4.9375     4.67383661268e-13
5.0        4.69775827216e-13
5.0625     4.74104508456e-13
5.125      4.79458403674e-13
5.1875     4.97342691956e-13
5.25       4.99279207248e-13
5.3125     5.04519189801e-13
5.375      5.11467862318e-13
5.4375     5.23086954068e-13
5.5        5.23314779397e-13
5.5625     5.30035626585e-13
5.625      5.39832115708e-13
5.6875     5.54640762055e-13
5.75       5.07025268414e-13
5.8125     5.17391320858e-13
5.875      5.33908657168e-13
5.9375     5.56007714026e-13
6.0        6.02711906353e-13
6.0625     6.18317941351e-13
6.125      6.4668219474e-13
6.1875     6.85184675244e-13
6.25       7.44760998628e-13
6.3125     7.53987924429e-13
6.375      8.04337322011e-13
6.4375     8.74963173824e-13
6.5        8.89657907507e-13
6.5625     6.3939178423e-13
6.625      5.90864989275e-13
6.6875     5.36870386438e-13
6.75       5.18872185492e-13
6.8125     5.09759172355e-13
6.875      4.83331434258e-13
6.9375     4.58384560795e-13
7.0        4.36968979923e-13
7.0625     4.18742953649e-13
7.125      3.74886577926e-13
7.1875     3.4902840315e-13
7.25       3.22942403045e-13
7.3125     3.02893774144e-13
7.375      3.3604235943e-13
7.4375     3.03805075457e-13
7.5        2.79997328637e-13
7.5625     2.56759145137e-13
7.625      2.44456577402e-13
7.6875     2.09599302153e-13
7.75       1.79298533472e-13
7.8125     1.55832524644e-13
7.875      1.36353459064e-13
7.9375     6.89171618491e-14
8.0        3.8958131161e-14
8.0625     9.22692580129e-15
8.125      1.30999563845e-14
8.1875     1.25303930635e-15
8.25       4.03250831316e-14
8.3125     7.03980264839e-14
8.375      9.88761925373e-14
8.4375     1.15849179505e-13
8.5        1.66084664423e-13
8.5625     2.02422804307e-13
8.625      2.32837485652e-13
8.6875     2.58353922436e-13
8.75       3.91062176245e-13
8.8125     4.34121163317e-13
8.875      4.6988973988e-13
8.9375     4.99507032576e-13
9.0        5.00987897211e-13
9.0625     5.47692089538e-13
9.125      5.90751076611e-13
9.1875     6.26747478502e-13
9.25       6.50327399995e-13
9.3125     7.29041050966e-13
9.375      7.72100038039e-13
9.4375     8.15842501097e-13
9.5        8.50699776346e-13
9.5625     2.15408848028e-13
9.625      2.7874428933e-13
9.6875     3.22486752388e-13
9.75       3.64406612819e-13
9.8125     3.7875960851e-13
9.875      4.35602027952e-13
9.9375     4.99165294583e-13
10.0       5.46211224904e-13
10.0625    5.80612849496e-13
10.125     7.10701112028e-13
10.1875    7.63670500887e-13
10.25      8.28942457481e-13
10.3125    8.79177942399e-13
10.375     8.13564247812e-13
10.4375    9.09934361737e-13
10.5       9.69396772456e-13
10.5625    1.03580785569e-12
10.625     1.07487989952e-12
10.6875    1.15997265969e-12
10.75      1.26294970813e-12
10.8125    1.33915728049e-12
10.875     1.40556836373e-12
10.9375    1.64968320314e-12
11.0       1.74411680177e-12
11.0625    1.79218794607e-12
11.125     1.81280613829e-12
11.1875    1.80585746578e-12
11.25      1.919428392e-12
11.3125    1.98344730928e-12
11.375     2.08312089047e-12
11.4375    2.05487054975e-12
11.5       2.22585345873e-12
11.5625    2.30992100492e-12
11.625     2.3806607694e-12
11.6875    2.38715379126e-12
11.75      3.50395355121e-12
11.8125    3.652951316e-12
11.875     3.72175456518e-12
11.9375    3.74362579671e-12
12.0       3.53573518452e-12
12.0625    3.74317014605e-12
12.125     3.78691260911e-12
12.1875    3.81072035593e-12
12.25      3.81334034721e-12
12.3125    3.92372171883e-12
12.375     3.96256593733e-12
12.4375    3.98728498546e-12
12.5       4.0043718851e-12
12.5625    3.19604761984e-12
12.625     3.24070138421e-12
12.6875    3.27681169876e-12
12.75      3.29765771632e-12
12.8125    3.27977342803e-12
12.875     3.35894272966e-12
12.9375    3.39721738484e-12
13.0       3.42318947228e-12
13.0625    3.43446682604e-12
13.125     3.55008818021e-12
13.1875    3.59804541185e-12
13.25      3.64611655614e-12
13.3125    3.65819129855e-12
13.375     3.47513364716e-12
13.4375    3.54689862561e-12
13.5       3.57617418032e-12
13.5625    3.61274014553e-12
13.625     3.60020975247e-12
13.6875    3.66764604968e-12
13.75      3.72369108047e-12
13.8125    3.76025704569e-12
13.875     3.76663615488e-12
13.9375    3.97418502908e-12
14.0       4.04469696823e-12
14.0625    4.07454208625e-12
14.125     4.10119764968e-12
14.1875    3.98660150948e-12
14.25      4.04014046166e-12
14.3125    4.09937504705e-12
14.375     4.13548536161e-12
14.4375    4.13275145766e-12
14.5       4.27434489928e-12
14.5625    4.32856732745e-12
14.625     4.3662724193e-12
14.6875    4.38848538882e-12
14.75      4.93834181898e-12
14.8125    5.00725898083e-12
14.875     5.05874750506e-12
14.9375    5.08733958377e-12
15.0       5.03528149623e-12
15.0625    5.1296011822e-12
15.125     5.18610186365e-12
15.1875    5.22403478083e-12
15.25      5.23098345335e-12
15.3125    5.37417167226e-12
15.375     5.43955754152e-12
15.4375    5.49936169023e-12
15.5       5.51496772523e-12
15.5625    4.54078662088e-12
15.625     4.63567587017e-12
15.6875    4.67827920658e-12
15.75      4.7221355823e-12
15.8125    4.68693656906e-12
15.875     4.77692757379e-12
15.9375    4.85028732954e-12
16.0       4.89972542581e-12
16.0625    4.90348454373e-12
16.125     5.11786817778e-12
16.1875    5.2069478812e-12
16.25      5.24795644031e-12
16.3125    5.2811050256e-12
16.375     4.99575380175e-12
16.4375    5.06831616885e-12
16.5       5.14258722592e-12
16.5625    5.1897470689e-12
16.625     5.17334364525e-12
16.6875    5.33156833585e-12
16.75      5.40857329685e-12
16.8125    5.45561922717e-12
16.875     5.479426974e-12
16.9375    5.83825186627e-12
17.0       5.92311680111e-12
17.0625    5.99203396296e-12
17.125     6.03019470547e-12
17.1875    5.90978901939e-12
17.25      6.03201730809e-12
17.3125    6.10913618177e-12
17.375     6.1586881907e-12
17.4375    6.15527081077e-12
17.5       6.32932936169e-12
17.5625    6.41521951051e-12
17.625     6.48926274225e-12
17.6875    6.50999484713e-12
17.75      7.51493237083e-12
17.8125    7.63442675559e-12
17.875     7.6974204589e-12
17.9375    7.7499341971e-12
18.0       7.66700577755e-12
18.0625    7.78855059027e-12
18.125     7.88150332426e-12
18.1875    7.94700310619e-12
18.25      7.94369963893e-12
18.3125    8.17744842589e-12
18.375     8.29044978879e-12
18.4375    8.34512786761e-12
18.5       8.38613642673e-12
18.5625    7.14232404618e-12
18.625     7.23801068412e-12
18.6875    7.33141906878e-12
18.75      7.39190669348e-12
18.8125    7.3459998898e-12
18.875     7.5287158032e-12
18.9375    7.63305980362e-12
19.0       7.68694049379e-12
19.0625    7.70995085196e-12
19.125     8.04998015464e-12
19.1875    8.14862852185e-12
19.25      8.23918908989e-12
19.3125    8.28726023419e-12
19.375     7.99017600592e-12
19.4375    8.14429984061e-12
19.5       8.24568211176e-12
19.5625    8.30480278448e-12
19.625     8.28179242631e-12
19.6875    8.49355606908e-12
19.75      8.59915310881e-12
19.8125    8.69062497817e-12
19.875     8.71545793897e-12
19.9375    9.24196227297e-12
20.0       9.39118786309e-12
20.0625    9.48003974117e-12
20.125     9.5407551912e-12
20.1875    9.35222973192e-12
20.25      9.51387180244e-12
20.3125    9.62937924396e-12
20.375     9.71299113949e-12
20.4375    9.69715727916e-12
20.5       9.95813119288e-12
20.5625    1.00993828965e-11
20.625     1.01774130715e-11
20.6875    1.02238894385e-11
20.75      1.2105498826e-11
20.8125    1.22363844771e-11
20.875     1.23526893073e-11
20.9375    1.2428441229e-11
21.0       1.23197685473e-11
21.0625    1.25342660941e-11
21.125     1.26699360771e-11
21.1875    1.27346384704e-11
21.25      1.27521810207e-11
21.3125    1.31080441837e-11
21.375     1.32240072759e-11
21.4375    1.33387173287e-11
21.5       1.33971545255e-11
21.5625    1.22673687218e-11
21.625     1.24573750457e-11
21.6875    1.25882606969e-11
21.75      1.26527352648e-11
21.8125    1.25914502515e-11
21.875     1.28442224534e-11
21.9375    1.29665646548e-11
22.0       1.3078768629e-11
22.0625    1.31058798431e-11
22.125     1.35340775479e-11
22.1875    1.37169073739e-11
22.25      1.38364017587e-11
22.3125    1.39024711039e-11
22.375     1.34478456611e-11
22.4375    1.3653799758e-11
22.5       1.37902671297e-11
22.5625    1.38942693921e-11
22.625     1.38558808243e-11
22.6875    1.41429407381e-11
22.75      1.43175688523e-11
22.8125    1.44249884947e-11
22.875     1.44751100669e-11
22.9375    1.53378845857e-11
23.0       1.55152466039e-11
23.0625    1.56569539581e-11
23.125     1.57492232162e-11
23.1875    1.55127405253e-11
23.25      1.57618675219e-11
23.3125    1.59320530422e-11
23.375     1.6021018833e-11
23.4375    1.60262588155e-11
23.5       1.64108279699e-11
23.5625    1.65638126779e-11
23.625     1.67065452462e-11
23.6875    1.6776487622e-11
23.75      1.94297413969e-11
23.8125    1.96612119306e-11
23.875     1.98263852937e-11
23.9375    1.99014537394e-11
24.0       1.97715933022e-11
24.0625    2.00708418711e-11
24.125     2.0216080518e-11
24.1875    2.03569904836e-11
24.25      2.0386379951e-11
24.3125    2.07940733762e-11
24.375     2.1020759578e-11
24.4375    2.11819459978e-11
24.5       2.12551918409e-11
24.5625    1.97026761404e-11
24.625     1.99679787353e-11
24.6875    2.01330381857e-11
24.75      2.02711003348e-11
24.8125    2.02042336009e-11
24.875     2.05285429559e-11
24.9375    2.06025861876e-11
25.0       2.06375573756e-11
25.0625    2.06990702142e-11
25.125     2.11540373951e-11
25.1875    2.12647605047e-11
25.25      2.13205777102e-11
25.3125    2.13219446621e-11
25.375     2.07792647298e-11
25.4375    2.09505893768e-11
25.5       2.10432003728e-11
25.5625    2.10817028533e-11
25.625     2.09512728528e-11
25.6875    2.1264646592e-11
25.75      2.14058982957e-11
25.8125    2.14798276147e-11
25.875     2.14553363919e-11
25.9375    2.27557633666e-11
26.0       2.29629705028e-11
26.0625    2.30896413854e-11
26.125     2.31266630013e-11
26.1875    2.26279533574e-11
26.25      2.29745895946e-11
26.3125    2.31641402678e-11
26.375     2.3263813849e-11
26.4375    2.31364594904e-11
26.5       2.37986338075e-11
26.5625    2.39143690743e-11
26.625     2.39903488213e-11
26.6875    2.40119922275e-11
26.75      2.75107057962e-11
26.8125    2.76668800588e-11
26.875     2.77708823213e-11
26.9375    2.78263577887e-11
27.0       2.76695000501e-11
27.0625    2.79038184004e-11
27.125     2.80357292656e-11
27.1875    2.81188855104e-11
27.25      2.81055577287e-11
27.3125    2.85503866825e-11
27.375     2.87217113295e-11
27.4375    2.88352822557e-11
27.5       2.88777716794e-11
27.5625    2.74534077261e-11
27.625     2.7676676548e-11
27.6875    2.78213456315e-11
27.75      2.79030210117e-11
27.8125    2.77809066357e-11
27.875     2.81138733532e-11
27.9375    2.82895266814e-11
28.0       2.8404008909e-11
28.0625    2.84099323675e-11
28.125     2.91561742308e-11
28.1875    2.93740891574e-11
28.25      2.9517391289e-11
28.3125    2.95840301975e-11
28.375     2.89761922213e-11
28.4375    2.92584678032e-11
28.5       2.94353741707e-11
28.5625    2.95375538305e-11
28.625     2.94565619263e-11
28.6875    2.98756466179e-11
28.75      3.00769302956e-11
28.8125    3.02129420167e-11
28.875     3.0243698436e-11
28.9375    3.15708948868e-11
29.0       3.18189966694e-11
29.0625    3.19793857006e-11
29.125     3.20614028189e-11
29.1875    3.17197787389e-11
29.25      3.20290516222e-11
29.3125    3.22108562343e-11
29.375     3.23241993352e-11
29.4375    3.22903672739e-11
29.5       3.27515996513e-11
29.5625    3.29586928749e-11
29.625     3.30965271986e-11
29.6875    3.31426618276e-11
29.75      4.10901205844e-11
29.8125    4.13266032753e-11
29.875     4.14767401668e-11
29.9375    4.15626303156e-11
30.0       4.13927865332e-11
30.0625    4.16826942637e-11
30.125     4.18495763167e-11
30.1875    4.19519838019e-11
30.25      4.19508446752e-11
30.3125    4.24280248256e-11
30.375     4.26004885992e-11
30.4375    4.2717932556e-11
30.5       4.27680541283e-11
30.5625    4.17555983688e-11
30.625     4.19516420639e-11
30.6875    4.20766042565e-11
30.75      4.2145977069e-11
30.8125    4.20705668853e-11
30.875     4.23153652007e-11
30.9375    4.24359987121e-11
31.0       4.2519496695e-11
31.0625    4.25345331666e-11
31.125     4.29694517186e-11
31.1875    4.31054634397e-11
31.25      4.31945431431e-11
31.3125    4.32352099642e-11
31.375     4.29448465831e-11
31.4375    4.30913382693e-11
31.5       4.31768866801e-11
31.5625    4.32330456236e-11
31.625     4.32076430995e-11
31.6875    4.3385574681e-11
31.75      4.34772743757e-11
31.8125    4.35393567777e-11
31.875     4.35578106293e-11
31.9375    4.41092618367e-11
32.0       4.42079102039e-11
32.0625    4.42683978286e-11
32.125     4.43038246672e-11
32.1875    4.42014171821e-11
32.25      4.43051916192e-11
32.3125    4.43721722657e-11
32.375     4.44143199515e-11
32.4375    4.44102190956e-11
32.5       4.45647985809e-11
32.5625    4.46324627035e-11
32.625     4.46782555945e-11
32.6875    4.46971650967e-11
32.75      4.64413958112e-11
32.8125    4.65154390429e-11
32.875     4.65646493139e-11
32.9375    4.65936970432e-11
33.0       4.65512076195e-11
33.0625    4.66421099255e-11
33.125     4.66920036724e-11
33.1875    4.67262913844e-11
33.25      4.67303922403e-11
33.3125    4.68619613675e-11
33.375     4.69185759616e-11
33.4375    4.6959470608e-11
33.5       4.69756462063e-11
33.5625    4.6684029786e-11
33.625     4.67526052098e-11
33.6875    4.67847285811e-11
33.75      4.68126371838e-11
33.8125    4.67917911663e-11
33.875     4.6850911839e-11
33.9375    4.68989829833e-11
34.0       4.69328150446e-11
34.0625    4.69382828525e-11
34.125     4.71199735519e-11
34.1875    4.7176588146e-11
34.25      4.72015350195e-11
34.3125    4.7221697561e-11
34.375     4.71086961981e-11
34.4375    4.71551725651e-11
34.5       4.71972063382e-11
34.5625    4.72261401549e-11
34.625     4.72177106178e-11
34.6875    4.73112329151e-11
34.75      4.73594179721e-11
34.8125    4.73841370202e-11
34.875     4.73965535006e-11
34.9375    4.77132307071e-11
35.0       4.77579983842e-11
35.0625    4.77966147773e-11
35.125     4.78179164455e-11
35.1875    4.77666557466e-11
35.25      4.78360285591e-11
35.3125    4.78773788563e-11
35.375     4.79015283411e-11
35.4375    4.78998196511e-11
35.5       4.80006323589e-11
35.5625    4.804300787e-11
35.625     4.80775234073e-11
35.6875    4.80899398877e-11
35.75      4.03726986252e-11
35.8125    4.04321610359e-11
35.875     4.04638287566e-11
35.9375    4.04852443374e-11
36.0       4.04512983635e-11
36.0625    4.05058625297e-11
36.125     4.05467571761e-11
36.1875    4.05776275081e-11
36.25      4.05771718575e-11
36.3125    4.07015644868e-11
36.375     4.07532808363e-11
36.4375    4.07661529674e-11
36.5       4.07826703037e-11
36.5625    4.05382137263e-11
36.625     4.05498328181e-11
36.6875    4.05873100846e-11
36.75      4.06141934733e-11
36.8125    4.06106621807e-11
36.875     4.06885784431e-11
36.9375    4.07365356747e-11
37.0       4.07375608887e-11
37.0625    4.07450791245e-11
37.125     4.09363384877e-11
37.1875    4.09441984616e-11
37.25      4.09798531255e-11
37.3125    4.10005852303e-11
37.375     4.09624244878e-11
37.4375    4.10268990558e-11
37.5       4.10690467415e-11
37.5625    4.10771345407e-11
37.625     4.10681354402e-11
37.6875    4.11615438249e-11
37.75      4.11833011437e-11
37.8125    4.12156523404e-11
37.875     4.12271575195e-11
37.9375    4.14478063501e-11
38.0       4.15032818175e-11
38.0625    4.15400756081e-11
38.125     4.15515807871e-11
38.1875    4.14941688044e-11
38.25      4.15609216256e-11
38.3125    4.15893997917e-11
38.375     4.16192449097e-11
38.4375    4.16163970931e-11
38.5       4.16997811633e-11
38.5625    4.17502444735e-11
38.625     4.17797478536e-11
38.6875    4.17893165174e-11
38.75      3.93167282279e-11
38.8125    3.93663941495e-11
38.875     3.93977201322e-11
38.9375    3.94220974423e-11
39.0       3.93915688483e-11
39.0625    3.94571825429e-11
39.125     3.95027476086e-11
39.1875    3.95235936262e-11
39.25      3.95251884035e-11
39.3125    3.96672374957e-11
39.375     3.9701069557e-11
39.4375    3.9732623365e-11
39.5       3.97510772166e-11
39.5625    3.95962699059e-11
39.625     3.96540236267e-11
39.6875    3.96961713124e-11
39.75      3.97073347535e-11
39.8125    3.96886530766e-11
39.875     3.97756823521e-11
39.9375    3.97977814089e-11
40.0       3.98284239156e-11
40.0625    3.98368534527e-11
40.125     3.99441591824e-11
40.1875    3.9996559008e-11
40.25      4.00343780125e-11
40.3125    4.0041326685e-11
40.375     3.99410835405e-11
40.4375    4.00092033137e-11
40.5       4.00292519426e-11
40.5625    4.0056590982e-11
40.625     4.00472501435e-11
40.6875    4.01026116984e-11
40.75      4.01518219693e-11
40.8125    4.01848566419e-11
40.875     4.01880461965e-11
40.9375    4.05994987397e-11
41.0       4.06558855084e-11
41.0625    4.06783263033e-11
41.125     4.07014505741e-11
41.1875    4.0645519456e-11
41.25      4.06949575523e-11
41.3125    4.07404087053e-11
41.375     4.076797557e-11
41.4375    4.07627355875e-11
41.5       4.08818882342e-11
41.5625    4.09290480772e-11
41.625     4.09543366887e-11
41.6875    4.09700566363e-11
41.75      3.96639340285e-11
41.8125    3.97121190854e-11
41.875     3.97542667712e-11
41.9375    3.97746571381e-11
42.0       3.97435589808e-11
42.0625    3.98264874003e-11
42.125     3.98651037935e-11
42.1875    3.98905063176e-11
42.25      3.98947210862e-11
42.3125    4.00183163268e-11
42.375     4.00655900825e-11
42.4375    4.01039786503e-11
42.5       4.01161673054e-11
42.5625    3.99167062304e-11
42.625     3.99842564402e-11
42.6875    4.00152406849e-11
42.75      4.00392762571e-11
42.8125    4.00197971915e-11
42.875     4.00870056634e-11
42.9375    4.01324568164e-11
43.0       4.01669723536e-11
43.0625    4.01697062576e-11
43.125     4.03796472977e-11
43.1875    4.04389957958e-11
43.25      4.04643983199e-11
43.3125    4.04844469488e-11
43.375     4.0381925551e-11
43.4375    4.04317053853e-11
43.5       4.04754478483e-11
43.5625    4.0504723403e-11
43.625     4.04940156126e-11
43.6875    4.05981317877e-11
43.75      4.06493924866e-11
43.8125    4.06732002334e-11
43.875     4.06856167138e-11
43.9375    4.11658725061e-11
44.0       4.12100706198e-11
44.0625    4.12518765676e-11
44.125     4.12750008384e-11
44.1875    4.12255627422e-11
44.25      4.13048459565e-11
44.3125    4.13504110221e-11
44.375     4.13726239917e-11
44.4375    4.13713709524e-11
44.5       4.14924601144e-11
44.5625    4.15351773635e-11
44.625     4.1574021582e-11
44.6875    4.15883745777e-11
44.75      4.07048679541e-11
44.8125    4.07726459893e-11
44.875     4.08120597711e-11
44.9375    4.0833133614e-11
45.0       4.07980485134e-11
45.0625    4.08769899897e-11
45.125     4.09194794134e-11
45.1875    4.09543366887e-11
45.25      4.09567288546e-11
45.3125    4.11034483661e-11
45.375     4.11637081655e-11
45.4375    4.11978819648e-11
45.5       4.12149688644e-11
45.5625    4.09976235011e-11
45.625     4.10587946018e-11
45.6875    4.11007144622e-11
45.75      4.11310152309e-11
45.8125    4.11119918159e-11
45.875     4.12049445499e-11
45.9375    4.12596226288e-11
46.0       4.12887842708e-11
46.0625    4.12976694586e-11
46.125     4.15507833985e-11
46.1875    4.16022719227e-11
46.25      4.16431665692e-11
46.3125    4.16670882287e-11
46.375     4.15764137479e-11
46.4375    4.1652393495e-11
46.5       4.17024011546e-11
46.5625    4.17274619407e-11
46.625     4.17185767529e-11
46.6875    4.18357928844e-11
46.75      4.18821553387e-11
46.8125    4.19211134699e-11
46.875     4.19359221162e-11
46.9375    4.24506934458e-11
47.0       4.25186993063e-11
47.0625    4.2564264372e-11
47.125     4.25856799529e-11
47.1875    4.25253062408e-11
47.25      4.26113103023e-11
47.3125    4.2655508416e-11
47.375     4.26913909053e-11
47.4375    4.26907074293e-11
47.5       4.28147583206e-11
47.5625    4.28777520239e-11
47.625     4.29185327577e-11
47.6875    4.29341387927e-11
47.75      4.20500626057e-11
47.8125    4.21208023702e-11
47.875     4.21642030953e-11
47.9375    4.21957569033e-11
48.0       4.2160899628e-11
48.0625    4.22496375934e-11
48.125     4.23085304408e-11
48.1875    4.23446407554e-11
48.25      4.23497668253e-11
48.3125    4.25443296558e-11
48.375     4.26061842324e-11
48.4375    4.26487875689e-11
48.5       4.2673848355e-11
48.5625    4.24691472974e-11
48.625     4.25456966077e-11
48.6875    4.26009442499e-11
48.75      4.26321563199e-11
48.8125    4.2613132905e-11
48.875     4.27303490364e-11
48.9375    4.27866218926e-11
49.0       4.28276304517e-11
49.0625    4.28416417094e-11
49.125     4.31144625402e-11
49.1875    4.31858857806e-11
49.25      4.32376021302e-11
49.3125    4.32630046543e-11
49.375     4.31550154486e-11
49.4375    4.32485377459e-11
49.5       4.33009375715e-11
49.5625    4.33396678773e-11
49.625     4.33330609428e-11
49.6875    4.34579092228e-11
49.75      4.35259150833e-11
49.8125    4.35739862276e-11
49.875     4.35910731272e-11
49.9375    4.43987139165e-11
50.0       4.44805032094e-11
50.0625    4.45310804323e-11
50.125     4.45651403189e-11
50.1875    4.45015770523e-11
50.25      4.45976054282e-11
50.3125    4.46632191228e-11
50.375     4.47077589745e-11
50.4375    4.47095815771e-11
50.5       4.48855766433e-11
50.5625    4.49604172637e-11
50.625     4.50093997093e-11
50.6875    4.50367387488e-11
50.75      4.42271614442e-11
50.8125    4.43129376803e-11
50.875     4.43766148596e-11
50.9375    4.44155729908e-11
51.0       4.43800322396e-11
51.0625    4.45047666069e-11
51.125     4.4575278546e-11
51.1875    4.4622438389e-11
51.25      4.46356522581e-11
51.3125    4.48683758311e-11
51.375     4.49495955606e-11
51.4375    4.50114501373e-11
51.5       4.50435735086e-11
51.5625    4.48094829837e-11
51.625     4.49166748007e-11
51.6875    4.49837693599e-11
51.75      4.50293344256e-11
51.8125    4.50116779626e-11
51.875     4.51527018409e-11
51.9375    4.52319850552e-11
52.0       4.52915613786e-11
52.0625    4.53121795708e-11
52.125     4.57007356685e-11
52.1875    4.5799270123e-11
52.25      4.58649977303e-11
52.3125    4.5905778464e-11
52.375     4.57788797561e-11
52.4375    4.58950706736e-11
52.5       4.59742399752e-11
52.5625    4.60303989187e-11
52.625     4.60275511021e-11
52.6875    4.62099252775e-11
52.75      4.63042449635e-11
52.8125    4.63683777934e-11
52.875     4.63999316014e-11
52.9375    4.7655249161e-11
53.0       4.77624409781e-11
53.0625    4.78416102797e-11
53.125     4.78924153279e-11
53.1875    4.78216755634e-11
53.25      4.79672559483e-11
53.3125    4.80590695557e-11
53.375     4.81214936957e-11
53.4375    4.81335684381e-11
53.5       4.83744937229e-11
53.5625    4.84781542473e-11
53.625     4.85570957236e-11
53.6875    4.85992434094e-11
53.75      4.77155089604e-11
53.8125    4.78475337382e-11
53.875     4.79380943063e-11
53.9375    4.79983541056e-11
54.0       4.79574594592e-11
54.0625    4.81316319228e-11
54.125     4.82351785345e-11
54.1875    4.83129808842e-11
54.25      4.83382694957e-11
54.3125    4.86795518376e-11
54.375     4.88069061962e-11
54.4375    4.88971250263e-11
54.5       4.89510057165e-11
54.5625    4.86420745711e-11
54.625     4.87954010171e-11
54.6875    4.89004284936e-11
54.75      4.89760665026e-11
54.8125    4.89609161182e-11
54.875     4.91775780056e-11
54.9375    4.93035654122e-11
55.0       4.93936703296e-11
55.0625    4.94335397621e-11
55.125     5.00493516248e-11
55.1875    5.01953876603e-11
55.25      5.0302351652e-11
55.3125    5.03724079405e-11
55.375     5.0209740656e-11
55.4375    5.03968991633e-11
55.5       5.05233422206e-11
55.5625    5.0611738448e-11
55.625     5.06180036446e-11
55.6875    5.09036966064e-11
55.75      5.1048023952e-11
55.8125    5.11570383716e-11
55.875     5.12137668784e-11
55.9375    5.35103601016e-11
56.0       5.36882916831e-11
56.0625    5.38157599544e-11
56.125     5.39001692385e-11
56.1875    5.38027739106e-11
56.25      5.4033674881e-11
56.3125    5.41802804798e-11
56.375     5.42892948995e-11
56.4375    5.43162922009e-11
56.5       5.4699608316e-11
56.5625    5.48754894695e-11
56.625     5.50050081688e-11
56.6875    5.50785957498e-11
56.75      5.38726023738e-11
56.8125    5.40860747065e-11
56.875     5.423586986e-11
56.9375    5.43414668997e-11
57.0       5.42897505502e-11
57.0625    5.4574760036e-11
57.125     5.47526916175e-11
57.1875    5.48817546661e-11
57.25      5.4930281461e-11
57.3125    5.55144256031e-11
57.375     5.57222023026e-11
57.4375    5.5875414836e-11
57.5       5.59712153866e-11
57.5625    5.55213742756e-11
57.625     5.57788168968e-11
57.6875    5.59593684695e-11
57.75      5.60858115268e-11
57.8125    5.60696359285e-11
57.875     5.64382573099e-11
57.9375    5.66463757474e-11
58.0       5.68010691454e-11
58.0625    5.68737454252e-11
58.125     5.79368923203e-11
58.1875    5.81860193169e-11
58.25      5.83687352303e-11
58.3125    5.84862930998e-11
58.375     5.82327235092e-11
58.4375    5.85496285411e-11
58.5       5.87602530572e-11
58.5625    5.89125542893e-11
58.625     5.89283881496e-11
58.6875    5.94068213393e-11
58.75      5.9653897908e-11
58.8125    5.9837069472e-11
58.875     5.99328700226e-11
58.9375    6.50883293796e-11
59.0       6.53863249092e-11
59.0625    6.55983163773e-11
59.125     6.57419602469e-11
59.1875    6.55894311895e-11
59.25      6.59736586059e-11
59.3125    6.62210769125e-11
59.375     6.64004893587e-11
59.4375    6.6446510075e-11
59.5       6.71027609335e-11
59.5625    6.739164345e-11
59.625     6.76032931801e-11
59.6875    6.76206079051e-11
59.75      6.59395987193e-11
59.8125    6.62389612008e-11
59.875     6.64036789133e-11
59.9375    6.64747604157e-11
60.0       6.62330377423e-11
60.0625    6.66716014995e-11
60.125     6.68784668977e-11
60.1875    6.69927212999e-11
60.25      6.69433971163e-11
60.3125    6.7997203173e-11
60.375     6.82617083793e-11
60.4375    6.84153765633e-11
60.5       6.84487529739e-11
60.5625    6.74501945594e-11
60.625     6.78020707792e-11
60.6875    6.79943553563e-11
60.75      6.80827515838e-11
60.8125    6.78938843865e-11
60.875     6.84490947119e-11
60.9375    6.86942347653e-11
61.0       6.88246647658e-11
61.0625    6.87955031238e-11
61.125     7.08827248701e-11
61.1875    7.1185732557e-11
61.25      7.13611580598e-11
61.3125    7.14104822434e-11
61.375     7.07858991056e-11
61.4375    7.12058950985e-11
61.5       7.14260882784e-11
61.5625    7.15296348902e-11
61.625     7.13793840861e-11
61.6875    7.21046660192e-11
61.75      7.2376119898e-11
61.8125    7.25253454881e-11
61.875     7.25146376977e-11
61.9375    8.89588420782e-11
62.0       8.93129965512e-11
62.0625    8.95066480804e-11
62.125     8.95718061243e-11
62.1875    8.91169528561e-11
62.25      8.96100807795e-11
62.3125    8.98502086757e-11
62.375     8.99702726237e-11
62.4375    8.98572712608e-11
62.5       9.08232506534e-11
62.5625    9.11273974668e-11
62.625     9.1291203878e-11
62.6875    9.12996334151e-11
62.75      8.86018397885e-11
62.8125    8.89970028207e-11
62.875     8.92063742975e-11
62.9375    8.92859992498e-11
63.0       8.8953146445e-11
63.0625    8.95347845085e-11
63.125     8.97989479768e-11
63.1875    8.99307449293e-11
63.25      8.98488417237e-11
63.3125    9.12997473278e-11
63.375     9.16262210234e-11
63.4375    9.18064308582e-11
63.5       9.18314916443e-11
63.5625    9.06354086701e-11
63.625     9.10813767505e-11
63.6875    9.13074933889e-11
63.75      9.14001043849e-11
63.8125    9.11442565411e-11
63.875     9.18398072688e-11
63.9375    9.21212854621e-11
64.0       9.22675493229e-11
64.0625    9.22128712441e-11
64.125     9.49670516395e-11
64.1875    9.53256487064e-11
64.25      9.55195280609e-11
64.3125    9.5560878358e-11
64.375     9.48055234816e-11
64.4375    9.52991070556e-11
64.5       9.55408297291e-11
64.5625    9.56475658955e-11
64.625     9.54552813183e-11
64.6875    9.63115628152e-11
64.75      9.66176461439e-11
64.8125    9.67745038825e-11
64.875     9.67445448519e-11
64.9375    1.03220024162e-10
65.0       1.03606871569e-10
65.0625    1.03816129134e-10
65.125     1.03872971553e-10
65.1875    1.03353188066e-10
65.25      1.03912954898e-10
65.3125    1.04172220122e-10
65.375     1.0429057538e-10
65.4375    1.04145564558e-10
65.5       1.05263845183e-10
65.5625    1.05590318879e-10
65.625     1.05760390486e-10
65.6875    1.05753555727e-10
65.75      1.03010197034e-10
65.8125    1.03439419953e-10
65.875     1.03660980085e-10
65.9375    1.03732858976e-10
66.0       1.03349542861e-10
66.0625    1.03987339868e-10
66.125     1.04264375467e-10
66.1875    1.04397083721e-10
66.25      1.04293195371e-10
66.3125    1.05931487308e-10
66.375     1.06284502654e-10
66.4375    1.06465965528e-10
66.5       1.0648054635e-10
66.5625    1.0520939493e-10
66.625     1.05680537709e-10
66.6875    1.05915995186e-10
66.75      1.06003594024e-10
66.8125    1.05720293229e-10
66.875     1.06473483764e-10
66.9375    1.06769656691e-10
67.0       1.0691409795e-10
67.0625    1.06844155574e-10
67.125     1.10077338722e-10
67.1875    1.10454731379e-10
67.25      1.10650433336e-10
67.3125    1.10684493222e-10
67.375     1.09903394084e-10
67.4375    1.10429101029e-10
67.5       1.10676974986e-10
67.5625    1.10779952035e-10
67.625     1.10567049266e-10
67.6875    1.11483248824e-10
67.75      1.11797875602e-10
67.8125    1.11955302904e-10
67.875     1.1191577521e-10
67.9375    6.06862883837e-11
68.0       6.10925009443e-11
68.0625    6.13009611198e-11
68.125     6.13530192074e-11
68.1875    6.0814098393e-11
68.25      6.14000651377e-11
68.3125    6.1662519916e-11
68.375     6.17795082222e-11
68.4375    6.16231061342e-11
68.5       6.28175943312e-11
68.5625    6.31512445246e-11
68.625     6.3320746569e-11
68.6875    6.33062796606e-11
68.75      6.06961987855e-11
68.8125    6.11335095034e-11
68.875     6.13560948493e-11
68.9375    6.14237589718e-11
69.0       6.10338359222e-11
69.0625    6.16990858813e-11
69.125     6.19764632186e-11
69.1875    6.21058680052e-11
69.25      6.19938918562e-11
69.3125    6.37463242825e-11
69.375     6.41015039695e-11
69.4375    6.42826251056e-11
69.5       6.42908268174e-11
69.5625    6.30409770657e-11
69.625     6.35178154781e-11
69.6875    6.3752931217e-11
69.75      6.38355178986e-11
69.8125    6.35452684302e-11
69.875     6.43198745468e-11
69.9375    6.46141109585e-11
70.0       6.47558183128e-11
70.0625    6.46794968277e-11
70.125     6.83057925803e-11
70.1875    6.86859191408e-11
70.25      6.88787732813e-11
70.3125    6.8907023622e-11
70.375     6.81279749115e-11
70.4375    6.86563018481e-11
70.5       6.89052010194e-11
70.5625    6.9002026784e-11
70.625     6.8782858818e-11
70.6875    6.97314095729e-11
70.75      7.00459224388e-11
70.8125    7.02001601862e-11
70.875     7.01530003432e-11
70.9375    5.00170004282e-11
71.0       5.04291364473e-11
71.0625    5.06358879328e-11
71.125     5.06827060378e-11
71.1875    5.01363809003e-11
71.25      5.0736586728e-11
71.3125    5.10017754103e-11
71.375     5.11136376466e-11
71.4375    5.09473251568e-11
71.5       5.22106166029e-11
71.5625    5.25511015563e-11
71.625     5.27196922993e-11
71.6875    5.26979349804e-11
71.75      5.0193792883e-11
71.8125    5.06497852779e-11
71.875     5.0873965401e-11
71.9375    5.09382121437e-11
72.0       5.05275569892e-11
72.0625    5.12348407213e-11
72.125     5.15230397617e-11
72.1875    5.16525584609e-11
72.25      5.15258875783e-11
72.3125    5.34935010273e-11
72.375     5.38697545572e-11
72.4375    5.40572548025e-11
72.5       5.40582800165e-11
72.5625    5.27490817667e-11
72.625     5.32678400395e-11
72.6875    5.35165113855e-11
72.75      5.35996676303e-11
72.8125    5.32755861007e-11
72.875     5.41488405845e-11
72.9375    5.44695047343e-11
73.0       5.46197555384e-11
73.0625    5.45255497651e-11
73.125     5.91187362115e-11
73.1875    5.95445417503e-11
73.25      5.97568749564e-11
73.3125    5.97799992272e-11
73.375     5.88944421757e-11
73.4375    5.95037610165e-11
73.5       5.97854670351e-11
73.5625    5.98902666862e-11
73.625     5.96273562572e-11
73.6875    6.07742289605e-11
73.75      6.11396607873e-11
73.8125    6.13152002029e-11
73.875     6.12504978096e-11
73.9375    4.6264375531e-11
74.0       4.6759326057e-11
74.0625    4.70029852457e-11
74.125     4.70508285647e-11
74.1875    4.63804525358e-11
74.25      4.71215683292e-11
74.3125    4.74455359462e-11
74.375     4.75763076847e-11
74.4375    4.73602153607e-11
74.5       4.90069368346e-11
74.5625    4.94313754215e-11
74.625     4.96389242956e-11
74.6875    4.96022444178e-11
74.75      4.66131761088e-11
74.8125    4.72002819802e-11
74.875     4.72021045828e-11
74.9375    4.72031297968e-11
75.0       4.66953071397e-11
75.0625    4.6699294083e-11
75.125     4.67013445109e-11
75.1875    4.68431657779e-11
75.25      4.68430518652e-11
75.3125    4.68551266076e-11
75.375     4.7268515666e-11
75.4375    4.72703382687e-11
75.5       4.72710217446e-11
75.5625    4.59375600974e-11
75.625     4.5940407914e-11
75.6875    4.59421166039e-11
75.75      4.60166154863e-11
75.8125    4.60154763597e-11
75.875     4.60207163422e-11
75.9375    4.6311193636e-11
76.0       4.63124466753e-11
76.0625    4.631221885e-11
76.125     5.07799874531e-11
76.1875    5.0782721357e-11
76.25      5.07839743963e-11
76.3125    5.07935430601e-11
76.375     5.07903535055e-11
76.4375    5.07936569728e-11
76.5       5.09898145806e-11
76.5625    5.09903841439e-11
76.625     5.09893589299e-11
76.6875    5.17633954832e-11
76.75      5.17654459112e-11
76.8125    5.17666989505e-11
76.875     5.18099857629e-11
76.9375    5.17653319985e-11
77.0       5.17682937278e-11
77.0625    5.19572748377e-11
77.125     5.19579583137e-11
77.1875    5.19556800604e-11
77.25      5.23419579048e-11
77.3125    5.23435526821e-11
77.375     5.23443500707e-11
77.4375    5.23065310662e-11
77.5       5.23129101754e-11
77.5625    5.23146188654e-11
77.625     5.2423633285e-11
77.6875    5.24234054597e-11
77.75      5.24150898352e-11
77.8125    5.26276508666e-11
77.875     5.26289039059e-11
77.9375    5.26294734692e-11
78.0       5.25118016871e-11
78.0625    5.25149912417e-11
78.125     5.2516244281e-11
78.1875    5.25826553643e-11
78.25      5.25821997136e-11
78.3125    5.25901736001e-11
78.375     5.27291470504e-11
78.4375    5.27300583517e-11
78.5       5.27304000897e-11
78.5625    5.23975472849e-11
78.625     5.23992559749e-11
78.6875    5.24002811888e-11
78.75      5.24434540886e-11
78.8125    5.24431123506e-11
78.875     5.24453906039e-11
78.9375    5.25524685082e-11
79.0       5.25528102462e-11
79.0625    5.25529241589e-11
79.125     5.41121607066e-11
79.1875    5.4113413746e-11
79.25      5.41143250473e-11
79.3125    5.41404110474e-11
79.375     5.41390440954e-11
79.4375    5.41404110474e-11
79.5       5.42299464014e-11
79.5625    5.42307437901e-11
79.625     5.42300603141e-11
79.6875    5.45379662455e-11
79.75      5.45385358088e-11
79.8125    5.45394471101e-11
79.875     5.4545940132e-11
79.9375    5.4531359311e-11
80.0       5.45322706123e-11
80.0625    5.46108703506e-11
80.125     5.46112120886e-11
80.1875    5.46103007873e-11
80.25      5.48045218797e-11
80.3125    5.48052053557e-11
80.375     5.4805433181e-11
80.4375    5.47821949975e-11
80.5       5.47848149888e-11
80.5625    5.47854984648e-11
80.625     5.4853618238e-11
80.6875    5.4853618238e-11
80.75      5.48507704214e-11
80.8125    5.50019325268e-11
80.875     5.50022742648e-11
80.9375    5.50027299155e-11
81.0       5.49182067186e-11
81.0625    5.49193458453e-11
81.125     5.49196875833e-11
81.1875    5.49780108673e-11
81.25      5.49778969547e-11
81.3125    5.49809725966e-11
81.375     5.51078713045e-11
81.4375    5.51082130425e-11
81.5       5.51083269552e-11
81.5625    5.48188748754e-11
81.625     5.48196722641e-11
81.6875    5.48202418274e-11
81.75      5.48667181944e-11
81.8125    5.48664903691e-11
81.875     5.48672877577e-11
81.9375    5.49783526053e-11
82.0       5.49783526053e-11
82.0625    5.4978808256e-11
82.125     5.68722645605e-11
82.1875    5.68723784732e-11
82.25      5.68724923859e-11
82.3125    5.69040461939e-11
82.375     5.69033627179e-11
82.4375    5.69040461939e-11
82.5       5.70022389104e-11
82.5625    5.70025806484e-11
82.625     5.70028084737e-11
82.6875    5.73413569118e-11
82.75      5.73420403878e-11
82.8125    5.73416986498e-11
82.875     5.73520647022e-11
82.9375    5.7347394283e-11
83.0       5.73479638463e-11
83.0625    5.74351070344e-11
83.125     5.74351070344e-11
83.1875    5.74348792091e-11
83.25      5.76494906685e-11
83.3125    5.76501741445e-11
83.375     5.76505158824e-11
83.4375    5.76277333496e-11
83.5       5.76284168256e-11
83.5625    5.76286446509e-11
83.625     5.77043965726e-11
83.6875    5.77040548346e-11
83.75      5.7703257446e-11
83.8125    5.78694560231e-11
83.875     5.78694560231e-11
83.9375    5.78695699357e-11
84.0       5.7780945883e-11
84.0625    5.7781629359e-11
84.125     5.77823128349e-11
84.1875    5.78461039269e-11
84.25      5.78459900142e-11
84.3125    5.78472430535e-11
84.375     5.79866721545e-11
84.4375    5.79865582419e-11
84.5       5.79866721545e-11
84.5625    5.76884487996e-11
84.625     5.76889044503e-11
84.6875    5.76889044503e-11
84.75      5.77397094985e-11
84.8125    5.77393677605e-11
84.875     5.77399373239e-11
84.9375    5.78601151846e-11
85.0       5.78603430099e-11
85.0625    5.78601151846e-11
85.125     6.03459173431e-11
85.1875    6.03462590811e-11
85.25      6.03461451684e-11
85.3125    6.03807746183e-11
85.375     6.03804328803e-11
85.4375    6.03807746183e-11
85.5       6.0486371658e-11
85.5625    6.04862577454e-11
85.625     6.0486713396e-11
85.6875    6.08569295547e-11
85.75      6.08568156421e-11
85.8125    6.08571573801e-11
85.875     6.08685486465e-11
85.9375    6.08671816945e-11
86.0       6.08676373452e-11
86.0625    6.09600205158e-11
86.125     6.09599066032e-11
86.1875    6.09599066032e-11
86.25      6.11908075735e-11
86.3125    6.11905797482e-11
86.375     6.11905797482e-11
86.4375    6.11674554774e-11
86.5       6.11677972154e-11
86.5625    6.11680250407e-11
86.625     6.12482195563e-11
86.6875    6.12482195563e-11
86.75      6.12481056436e-11
86.8125    6.14248980985e-11
86.875     6.14248980985e-11
86.9375    6.14248980985e-11
87.0       6.13342236178e-11
87.0625    6.13342236178e-11
87.125     6.13341097051e-11
87.1875    6.14017738277e-11
87.25      6.1402001653e-11
87.3125    6.14021155656e-11
87.375     6.15495185531e-11
87.4375    6.15494046405e-11
87.5       6.15491768151e-11
87.5625    6.12492447703e-11
87.625     6.12491308576e-11
87.6875    6.12490169449e-11
87.75      6.13024419845e-11
87.8125    6.13027837225e-11
87.875     6.13023280718e-11
87.9375    6.14291128671e-11
88.0       6.14291128671e-11
88.0625    6.14291128671e-11
88.125     6.4789308636e-11
88.1875    6.4789650374e-11
88.25      6.4789650374e-11
88.3125    6.48257606886e-11
88.375     6.48257606886e-11
88.4375    6.48258746012e-11
88.5       6.49368255362e-11
88.5625    6.49368255362e-11
88.625     6.49367116235e-11
88.6875    6.53347224723e-11
88.75      6.5334836385e-11
88.8125    6.5334836385e-11
88.875     6.5348050254e-11
88.9375    6.53474806907e-11
89.0       6.53478224287e-11
89.0625    6.54446481933e-11
89.125     6.54445342806e-11
89.1875    6.54444203679e-11
89.25      6.5687965644e-11
89.3125    6.56877378187e-11
89.375     6.56880795567e-11
89.4375    6.56649552858e-11
89.5       6.56650691985e-11
89.5625    6.56648413732e-11
89.625     6.57492506574e-11
89.6875    6.57495923954e-11
89.75      6.5749706308e-11
89.8125    6.59357256887e-11
89.875     6.5935953514e-11
89.9375    6.59358396013e-11
90.0       6.5844025994e-11
90.0625    6.5844025994e-11
90.125     6.58442538193e-11
90.1875    6.59153353218e-11
90.25      6.59153353218e-11
90.3125    6.59153353218e-11
90.375     6.60696869818e-11
90.4375    6.60695730691e-11
90.5       6.60696869818e-11
90.5625    6.57697549369e-11
90.625     6.57698688496e-11
90.6875    6.57698688496e-11
90.75      6.58262556184e-11
90.8125    6.5826369531e-11
90.875     6.58261417057e-11
90.9375    6.59593056102e-11
91.0       6.59595334355e-11
91.0625    6.59593056102e-11
91.125     7.08992422065e-11
91.1875    7.08994700318e-11
91.25      7.08993561191e-11
91.3125    7.09376307743e-11
91.375     7.0937402949e-11
91.4375    7.09378585996e-11
91.5       7.10539356045e-11
91.5625    7.10541634298e-11
91.625     7.10541634298e-11
91.6875    7.14792854926e-11
91.75      7.14792854926e-11
91.8125    7.14796272306e-11
91.875     7.14939802263e-11
91.9375    7.1493410663e-11
92.0       7.14935245757e-11
92.0625    7.15953624975e-11
92.125     7.15953624975e-11
92.1875    7.15953624975e-11
92.25      7.18521216426e-11
92.3125    7.18521216426e-11
92.375     7.18522355553e-11
92.4375    7.18295669351e-11
92.5       7.18297947604e-11
92.5625    7.18297947604e-11
92.625     7.19183049005e-11
92.6875    7.19183049005e-11
92.75      7.19183049005e-11
92.8125    7.21141207703e-11
92.875     7.21144625083e-11
92.9375    7.21141207703e-11
93.0       7.20217375996e-11
93.0625    7.20218515123e-11
93.125     7.20218515123e-11
93.1875    7.2096236482e-11
93.25      7.20963503947e-11
93.3125    7.209657822e-11
93.375     7.22581063779e-11
93.4375    7.22584481158e-11
93.5       7.22584481158e-11
93.5625    7.1959199547e-11
93.625     7.19594273723e-11
93.6875    7.19593134596e-11
93.75      7.20187758703e-11
93.8125    7.20186619577e-11
93.875     7.20186619577e-11
93.9375    7.21582049713e-11
94.0       7.21580910587e-11
94.0625    7.2158318884e-11
94.125     8.06474323592e-11
94.1875    8.06470906212e-11
94.25      8.06476601845e-11
94.3125    8.06880991803e-11
94.375     8.06883270056e-11
94.4375    8.0687871355e-11
94.5       8.0809643993e-11
94.5625    8.08094161677e-11
94.625     8.0809643993e-11
94.6875    8.12638137852e-11
94.75      8.12639276979e-11
94.8125    8.12639276979e-11
94.875     8.12799893836e-11
94.9375    8.12797615582e-11
95.0       8.12797615582e-11
95.0625    8.13869533753e-11
95.125     8.13869533753e-11
95.1875    8.13867255499e-11
95.25      8.16581794287e-11
95.3125    8.16579516034e-11
95.375     8.16578376908e-11
95.4375    8.16360803719e-11
95.5       8.16364221099e-11
95.5625    8.16359664592e-11
95.625     8.17289191932e-11
95.6875    8.17288052806e-11
95.75      8.17286913679e-11
95.8125    8.19344176395e-11
95.875     8.19343037268e-11
95.9375    8.19347593775e-11
96.0       8.18414649055e-11
96.0625    8.18414649055e-11
96.125     8.18413509928e-11
96.1875    8.19197229058e-11
96.25      8.19194950805e-11
96.3125    8.19198368184e-11
96.375     8.20894527755e-11
96.4375    8.20896806008e-11
96.5       8.20897945135e-11
96.5625    8.17908876826e-11
96.625     8.17908876826e-11
96.6875    8.17906598572e-11
96.75      8.18531979099e-11
96.8125    8.18533118225e-11
96.875     8.18533118225e-11
96.9375    8.19993478581e-11
97.0       8.19991200327e-11
97.0625    8.19991200327e-11
97.125     1.95386760777e-10
97.1875    1.95386532952e-10
97.25      1.95386419039e-10
97.3125    1.95343360052e-10
97.375     1.95343132226e-10
97.4375    1.95343246139e-10
97.5       1.95215777868e-10
97.5625    1.9521543613e-10
97.625     1.95215550043e-10
97.6875    1.94729256879e-10
97.75      1.94729598617e-10
97.8125    1.94729598617e-10
97.875     1.94712056067e-10
97.9375    1.94712169979e-10
98.0       1.94712056067e-10
98.0625    1.94600079918e-10
98.125     1.94600763394e-10
98.1875    1.94600649481e-10
98.25      1.94313475655e-10
98.3125    1.94313475655e-10
98.375     1.94313475655e-10
98.4375    1.94335119061e-10
98.5       1.94335346886e-10
98.5625    1.94335460799e-10
98.625     1.94238065471e-10
98.6875    1.94237837646e-10
98.75      1.94237495908e-10
98.8125    1.94021745322e-10
98.875     1.94021973147e-10
98.9375    1.94021859234e-10
99.0       1.94115381532e-10
99.0625    1.94115267619e-10
99.125     1.94115267619e-10
99.1875    1.94032908763e-10
99.25      1.94032567025e-10
99.3125    1.94032567025e-10
99.375     1.93854407618e-10
99.4375    1.93854179793e-10
99.5       1.93854179793e-10
99.5625    1.94152630973e-10
99.625     1.94152972711e-10
99.6875    1.94152972711e-10
99.75      1.94087245103e-10
99.8125    1.94087245103e-10
99.875     1.94087472929e-10
99.9375    1.93934602133e-10
100.0      1.93934374308e-10
