0.0625     1.1102776807e-16
0.125      3.3308330421e-16
0.1875     3.3308330421e-16
0.25       2.2205553614e-16
0.3125     1.1102776807e-16
0.375      1.1102776807e-16
0.4375     5.55138840351e-16
0.5        3.3308330421e-16
0.5625     3.3308330421e-16
0.625      3.3308330421e-16
0.6875     5.55138840351e-16
0.75       2.2205553614e-16
0.8125     3.3308330421e-16
0.875      0.0       
0.9375     2.2205553614e-16
1.0        3.3308330421e-16
1.0625     6.66166608421e-16
1.125      2.2205553614e-16
1.1875     8.32708260526e-15
1.25       5.66241617158e-15
1.3125     4.41557433615e-13
1.375      4.61875515172e-13
1.4375     3.04105056744e-13
1.5        4.70091570009e-13
1.5625     6.77269385228e-13
1.625      1.73614120931e-12
1.6875     1.69761457379e-12
1.75       1.42126645907e-12
1.8125     1.39395362812e-12
1.875      3.77494411438e-15
1.9375     1.86304594822e-13
2.0        8.01620485466e-14
2.0625     1.48555153678e-13
2.125      4.79639958063e-13
2.1875     4.20129074377e-13
2.25       3.88486160477e-13
2.3125     3.28531165719e-13
2.375      2.40930256712e-13
2.4375     2.16171064433e-13
2.5        4.43333877904e-13
2.5625     9.28858307675e-13
2.625      3.38679103721e-12
2.6875     3.20592680302e-12
2.75       2.85929811111e-12
2.8125     2.77103103549e-12
2.875      2.78313306221e-12
2.9375     3.27287654717e-12
3.0        3.39200934231e-12
3.0625     3.14375125291e-12
3.125      3.15429889087e-12
3.1875     2.98120660045e-12
3.25       2.71718256798e-12
3.3125     2.64001826917e-12
3.375      2.5603003317e-12
3.4375     2.74294101017e-12
3.5        2.66133560064e-12
3.5625     2.85141513958e-12
3.625      3.17916911092e-12
3.6875     3.21725163537e-12
3.75       3.27365374155e-12
3.8125     3.24400932747e-12
3.875      3.23412785611e-12
3.9375     3.04793428906e-12
4.0        2.84586375117e-12
4.0625     2.6847624597e-12
4.125      2.93679549322e-12
4.1875     2.85352466717e-12
4.25       2.92147366123e-12
4.3125     2.94045940957e-12
4.375      2.82965369703e-12
4.4375     2.78279997891e-12
4.5        2.3836551527e-12
4.5625     2.23687644331e-12
4.625      2.24409324823e-12
4.6875     1.94975863508e-12
4.75       2.00616074126e-12
4.8125     2.24042933189e-12
4.875      2.0887654007e-12
4.9375     2.02681190612e-12
5.0        2.85507905592e-12
5.0625     2.92791327178e-12
5.125      5.47366896586e-14
5.1875     2.23321252696e-12
5.25       2.99397479378e-12
5.3125     2.943124076e-12
5.375      3.50525766574e-12
5.4375     3.50770027664e-12
5.5        3.49904011073e-12
5.5625     3.41043995181e-12
5.625      3.3437122632e-12
5.6875     3.23745868916e-12
5.75       3.11721561634e-12
5.8125     3.09456595165e-12
5.875      2.85896502781e-12
5.9375     2.70419231912e-12
6.0        2.85374672271e-12
6.0625     2.07899495711e-12
6.125      2.00138654723e-12
6.1875     2.53709552817e-12
6.25       1.88613972398e-12
6.3125     1.77622223359e-12
6.375      2.0595650977e-12
6.4375     1.44857929001e-12
6.5        1.54883736458e-12
6.5625     3.40877453529e-12
6.625      3.05781576042e-12
6.6875     3.00596579273e-12
6.75       3.24312110533e-13
6.8125     7.60429183512e-13
6.875      6.92813272758e-13
6.9375     1.72070834955e-12
7.0        1.34532346571e-12
7.0625     1.07652523921e-12
7.125      1.03999710351e-12
7.1875     1.09595509862e-12
7.25       4.10025547483e-13
7.3125     5.14946788309e-13
7.375      1.55239025316e-12
7.4375     3.63782482082e-12
7.5        4.33441303769e-12
7.5625     4.73200347515e-12
7.625      5.39572747267e-12
7.6875     5.54572598733e-12
7.75       4.56090968455e-12
7.8125     4.95883320532e-12
7.875      6.65456030705e-12
7.9375     6.84519498483e-12
8.0        6.93068636624e-12
8.0625     7.04426777298e-12
8.125      7.38412377104e-12
8.1875     7.63926558206e-12
8.25       7.78870895789e-12
8.3125     8.56845697304e-12
8.375      8.68792285149e-12
8.4375     8.81238497949e-12
8.5        9.3565320708e-12
8.5625     9.49154183678e-12
8.625      9.56493119147e-12
8.6875     9.85116077756e-12
8.75       9.98095223843e-12
8.8125     1.12368983508e-11
8.875      1.12719831256e-11
8.9375     1.11751669118e-11
9.0        1.35200733734e-11
9.0625     1.46999654647e-11
9.125      1.48655078669e-11
9.1875     1.46548881909e-11
9.25       1.48691717833e-11
9.3125     1.47111792693e-11
9.375      1.50290517693e-11
9.4375     1.49555513868e-11
9.5        1.60010998787e-11
9.5625     1.54967007284e-11
9.625      1.56643526582e-11
9.6875     1.65862162165e-11
9.75       1.67742972556e-11
9.8125     1.70549754533e-11
9.875      1.75693671027e-11
9.9375     1.75871315456e-11
10.0       1.82526319874e-11
10.0625    1.91957018494e-11
10.125     1.88012201895e-11
10.1875    1.90392637242e-11
10.25      1.92050281819e-11
10.3125    1.94066546087e-11
10.375     1.90998848856e-11
10.4375    1.96785616127e-11
10.5       2.17473420152e-11
10.5625    2.12029728683e-11
10.625     2.12370583931e-11
10.6875    2.11618925942e-11
10.75      2.26720922955e-11
10.8125    2.27276061795e-11
10.875     2.27602483433e-11
10.9375    2.28548440017e-11
11.0       2.33118342951e-11
11.0625    2.26074741344e-11
11.125     2.27831200635e-11
11.1875    2.2695297099e-11
11.25      2.23109189659e-11
11.3125    2.21984478369e-11
11.375     2.22532955543e-11
11.4375    2.22556271374e-11
11.5       2.23978537083e-11
11.5625    2.22552940541e-11
11.625     2.27643563707e-11
11.6875    2.02999840306e-11
11.75      1.9959461866e-11
11.8125    1.88013312172e-11
11.875     1.88524039905e-11
11.9375    1.9373013195e-11
12.0       1.95039149336e-11
12.0625    2.05031648462e-11
12.125     2.11990868965e-11
12.1875    2.12710328902e-11
12.25      2.11077110433e-11
12.3125    2.20297966572e-11
12.375     2.21071830115e-11
12.4375    2.20160292139e-11
12.5       2.19617366353e-11
12.5625    2.19370884708e-11
12.625     2.09391708914e-11
12.6875    2.141281535e-11
12.75      2.12726983067e-11
12.8125    1.99698984762e-11
12.875     1.97640529942e-11
12.9375    1.97146456374e-11
13.0       1.94895923515e-11
13.0625    1.95061354889e-11
13.125     2.15276180622e-11
13.1875    2.13289893851e-11
13.25      2.08673359255e-11
13.3125    2.05695594515e-11
13.375     2.07304386874e-11
13.4375    2.0652608222e-11
13.5       1.98778564564e-11
13.5625    1.97899224641e-11
13.625     1.95954018145e-11
13.6875    1.89124700131e-11
13.75      1.85178773253e-11
13.8125    1.83287970363e-11
13.875     1.77201428118e-11
13.9375    1.80032636203e-11
14.0       1.83798698096e-11
14.0625    1.84137332789e-11
14.125     1.83745404768e-11
14.1875    1.8282498457e-11
14.25      1.7996712982e-11
14.3125    1.79048930178e-11
14.375     1.39543029744e-11
14.4375    1.40416818278e-11
14.5       1.42953802779e-11
14.5625    1.54675004254e-11
14.625     1.5264208582e-11
14.6875    1.45701740038e-11
14.75      1.40192542187e-11
14.8125    1.34469060743e-11
14.875     1.44390502098e-11
14.9375    1.29647124775e-11
15.0       1.32224079272e-11
15.0625    1.43169196649e-11
15.125     1.44790202063e-11
15.1875    1.45205445915e-11
15.25      1.29079772881e-11
15.3125    1.27896216873e-11
15.375     1.33640793593e-11
15.4375    1.21186808849e-11
15.5       1.28222638511e-11
15.5625    1.3474329933e-11
15.625     1.37751041567e-11
15.6875    1.35138558184e-11
15.75      1.45116623701e-11
15.8125    1.44616998744e-11
15.875     1.31721123483e-11
15.9375    1.10633619493e-11
16.0       9.97195898922e-12
16.0625    9.98983445988e-12
16.125     8.76930620548e-12
16.1875    8.8812221957e-12
16.25      8.48940520218e-12
16.3125    8.19606983894e-12
16.375     8.07160771093e-12
16.4375    9.67606998731e-12
16.5       8.8495792818e-12
16.5625    9.24661458042e-12
16.625     7.49393023366e-12
16.6875    7.72908704643e-12
16.75      7.74907204469e-12
16.8125    7.47949662381e-12
16.875     7.51624681504e-12
16.9375    7.52246437005e-12
17.0       7.10988518391e-12
17.0625    1.17612824994e-11
17.125     1.19824498134e-11
17.1875    1.61300031175e-11
17.25      1.61945102507e-11
17.3125    1.57176459868e-11
17.375     1.54124306524e-11
17.4375    1.55435544465e-11
17.5       1.49063660856e-11
17.5625    1.42505250596e-11
17.625     1.45257628966e-11
17.6875    1.40538948823e-11
17.75      1.41648116226e-11
17.8125    1.45143270365e-11
17.875     1.41996743418e-11
17.9375    1.42658468916e-11
18.0       1.5345147825e-11
18.0625    1.469075016e-11
18.125     1.52073623648e-11
18.1875    1.71132650315e-11
18.25      1.74191465325e-11
18.3125    1.76561908173e-11
18.375     1.75456071604e-11
18.4375    1.73706273979e-11
18.5       1.73128929585e-11
18.5625    1.68419131663e-11
18.625     1.60271914042e-11
18.6875    1.69314015474e-11
18.75      1.65944322713e-11
18.8125    1.68157106131e-11
18.875     1.70845088396e-11
18.9375    1.68445778328e-11
19.0       1.69963527917e-11
19.0625    1.62350353861e-11
19.125     1.5794144119e-11
19.1875    1.62307053031e-11
19.25      1.58192363946e-11
19.3125    1.58877405275e-11
19.375     1.65182672224e-11
19.4375    1.65308133602e-11
19.5       1.64655290326e-11
19.5625    1.74114856165e-11
19.625     1.7188652886e-11
19.6875    1.11939306046e-11
19.75      8.20339767163e-12
19.8125    1.03321330688e-11
19.875     1.07482651436e-11
19.9375    8.83736622731e-12
20.0       8.74754476294e-12
20.0625    8.889216195e-12
20.125     8.54236544755e-12
20.1875    8.44888006683e-12
20.25      9.63998596269e-12
20.3125    8.76220042833e-12
20.375     8.88666255633e-12
20.4375    1.00172583186e-11
20.5       1.00416844276e-11
20.5625    1.00772133133e-11
20.625     9.14779986683e-12
20.6875    8.99791237994e-12
20.75      9.46811497772e-12
20.8125    8.8683429746e-12
20.875     1.0386647703e-11
20.9375    1.13076230391e-11
21.0       1.18134655504e-11
21.0625    1.18187948833e-11
21.125     1.1047707034e-11
21.1875    1.08425277187e-11
21.25      1.077679928e-11
21.3125    8.68303762969e-12
21.375     7.99477649542e-12
21.4375    8.43411337368e-12
21.5       7.81790926089e-12
21.5625    7.80458592872e-12
21.625     8.0452941299e-12
21.6875    7.67101952373e-12
21.75      7.59385522492e-12
21.8125    9.84050211182e-12
21.875     9.68317576447e-12
21.9375    9.89668216247e-12
22.0       1.15745337935e-11
22.0625    1.1913723625e-11
22.125     1.231442284e-11
22.1875    1.19745668419e-11
22.25      1.18690904622e-11
22.3125    1.10377145349e-11
22.375     1.00788787299e-11
22.4375    1.05677339927e-11
22.5       1.19492525108e-11
22.5625    9.57170388532e-12
22.625     9.67162887659e-12
22.6875    9.87369941448e-12
22.75      9.63288018553e-12
22.8125    9.37518473584e-12
22.875     7.79203979093e-12
22.9375    7.46750562486e-12
23.0       8.04440590775e-12
23.0625    8.6729341028e-12
23.125     8.69880357276e-12
23.1875    9.52707072256e-12
23.25      9.39539178963e-12
23.3125    9.39616898401e-12
23.375     1.12835300134e-11
23.4375    1.16227198449e-11
23.5       1.02716229352e-11
23.5625    9.06763781829e-12
23.625     9.34454107185e-12
23.6875    9.7386896485e-12
23.75      7.92116508519e-12
23.8125    8.34506910369e-12
23.875     9.09972484326e-12
23.9375    9.41049156609e-12
24.0       1.02403131046e-11
24.0625    9.89312927389e-12
24.125     1.06133664054e-11
24.1875    1.0944784293e-11
24.25      1.33611926373e-11
24.3125    1.35339518444e-11
24.375     1.39186630608e-11
24.4375    1.46669902176e-11
24.5       1.53525866854e-11
24.5625    1.5787482453e-11
24.625     1.65461351922e-11
24.6875    1.62476925516e-11
24.75      1.60460661248e-11
24.8125    1.60358515701e-11
24.875     1.65333669989e-11
24.9375    1.7154678389e-11
25.0       1.78025254157e-11
25.0625    1.92805270642e-11
25.125     1.93925540822e-11
25.1875    2.02225976763e-11
25.25      2.0386474662e-11
25.3125    2.22676181364e-11
25.375     2.26517742139e-11
25.4375    2.2451147037e-11
25.5       2.30100608215e-11
25.5625    2.30218297649e-11
25.625     2.28107659778e-11
25.6875    2.27887824797e-11
25.75      2.28248665043e-11
25.8125    2.34481763943e-11
25.875     2.35958433258e-11
25.9375    2.37529476176e-11
26.0       2.38175657786e-11
26.0625    2.38865140226e-11
26.125     2.40674892846e-11
26.1875    2.4020857622e-11
26.25      2.12480501422e-11
26.3125    2.10738475741e-11
26.375     2.11313599579e-11
26.4375    2.10816195178e-11
26.5       2.0508050068e-11
26.5625    2.1039428966e-11
26.625     2.10021236359e-11
26.6875    2.11181476535e-11
26.75      2.08867657849e-11
26.8125    2.08977575339e-11
26.875     2.0946054613e-11
26.9375    2.10406502714e-11
27.0       2.09399480858e-11
27.0625    2.10716270187e-11
27.125     2.11245872641e-11
27.1875    1.99731182814e-11
27.25      1.99575743939e-11
27.3125    2.01881790682e-11
27.375     1.87946695511e-11
27.4375    1.90267175864e-11
27.5       1.89413372328e-11
27.5625    1.91477378536e-11
27.625     1.92306755964e-11
27.6875    1.91658353798e-11
27.75      1.93110597004e-11
27.8125    1.90569171393e-11
27.875     1.86059223454e-11
27.9375    1.8244193877e-11
28.0       1.83303514251e-11
28.0625    1.79626274572e-11
28.125     1.80694361701e-11
28.1875    1.79796147057e-11
28.25      1.81071856113e-11
28.3125    1.8208776019e-11
28.375     1.80907535016e-11
28.4375    1.77998607492e-11
28.5       1.79290970713e-11
28.5625    1.77808750009e-11
28.625     1.80653281427e-11
28.6875    1.8002486426e-11
28.75      1.7529508134e-11
28.8125    1.78494901616e-11
28.875     2.0772296156e-11
28.9375    1.97132022764e-11
29.0       1.87420423891e-11
29.0625    1.88247580763e-11
29.125     2.05021655963e-11
29.1875    2.04710778212e-11
29.25      2.06826967472e-11
29.3125    2.10681851579e-11
29.375     2.09315099754e-11
29.4375    1.96965481112e-11
29.5       1.99102765647e-11
29.5625    2.01238939905e-11
29.625     1.8429499222e-11
29.6875    1.85475217394e-11
29.75      1.86796447834e-11
29.8125    1.8952217954e-11
29.875     1.89181324292e-11
29.9375    1.87940033845e-11
30.0       1.93873357771e-11
30.0625    1.89001459308e-11
30.125     1.85521849057e-11
30.1875    1.80255802017e-11
30.25      1.85249831025e-11
30.3125    1.94402960225e-11
30.375     1.94861504907e-11
30.4375    1.9942696673e-11
30.5       2.35888485764e-11
30.5625    2.292556869e-11
30.625     2.26216856887e-11
30.6875    2.28570645571e-11
30.75      2.33040623513e-11
30.8125    2.28718312502e-11
30.875     2.29235701901e-11
30.9375    2.29137997465e-11
31.0       2.17457876264e-11
31.0625    2.21654725897e-11
31.125     2.21329414537e-11
31.1875    2.08371363726e-11
31.25      2.10142256626e-11
31.3125    2.09933524422e-11
31.375     2.1531059923e-11
31.4375    2.15997861114e-11
31.5       2.18034110381e-11
31.5625    2.20443412948e-11
31.625     1.85981504017e-11
31.6875    1.78662553545e-11
31.75      5.14946788309e-12
31.8125    5.22041462689e-12
31.875     3.70965978676e-12
31.9375    3.84156077523e-12
32.0       4.25480612798e-12
32.0625    5.21541837733e-12
32.125     4.99414003556e-12
32.1875    4.79839808045e-12
32.25      5.22718732074e-12
32.3125    5.67063222641e-12
32.375     5.05231858603e-12
32.4375    5.36841464173e-12
32.5       5.60756845415e-12
32.5625    3.69011889958e-12
32.625     3.58619690866e-12
32.6875    3.62405737758e-12
32.75      3.77294561456e-12
32.8125    4.18874460598e-12
32.875     4.08315719855e-12
32.9375    4.30188190164e-12
33.0       4.76164788922e-12
33.0625    4.41701769713e-12
33.125     4.66238906457e-12
33.1875    4.94961790057e-12
33.25      3.65037095861e-12
33.3125    3.30007835035e-12
33.375     3.20570474749e-12
33.4375    2.83076397472e-12
33.5       3.42387431175e-12
33.5625    3.31739868217e-12
33.625     3.54456149564e-12
33.6875    3.68234695581e-12
33.75      3.61140021202e-12
33.8125    4.22460657507e-12
33.875     4.60254509758e-12
33.9375    4.15810094199e-12
34.0       4.58111673834e-12
34.0625    4.70391344983e-12
34.125     3.58286607562e-12
34.1875    4.06683611664e-12
34.25      6.16215215566e-12
34.3125    5.379295363e-12
34.375     2.87906105383e-12
34.4375    2.70874445761e-12
34.5       8.74232645784e-13
34.5625    7.03249882956e-13
34.625     1.63876985671e-13
34.6875    6.80267134966e-13
34.75      4.98958789707e-13
34.8125    2.10508648261e-13
34.875     4.3378548985e-13
34.9375    7.58874794759e-13
35.0       6.98031577857e-13
35.0625    7.34226630248e-13
35.125     5.14169593933e-13
35.1875    6.26196611915e-14
35.25      4.04585186847e-13
35.3125    1.65542402193e-13
35.375     2.35934007149e-13
35.4375    6.99696994378e-13
35.5       1.25550200134e-12
35.5625    2.80989075432e-12
35.625     3.07125012036e-12
35.6875    2.47292147823e-12
35.75      2.24598072029e-12
35.8125    1.55139100324e-12
35.875     2.20712100147e-12
35.9375    1.30646374688e-12
36.0       1.61667533087e-12
36.0625    9.19309919621e-13
36.125     8.12057095665e-13
36.1875    8.20606233806e-13
36.25      4.83970041018e-13
36.3125    2.21833480604e-13
36.375     8.21605483719e-14
36.4375    2.49368367085e-13
36.5       7.32783269263e-14
36.5625    2.347127017e-12
36.625     1.74724398612e-12
36.6875    1.56360405773e-12
36.75      1.90634677776e-12
36.8125    2.13894995187e-12
36.875     3.35747970644e-12
36.9375    4.13189838873e-12
37.0       5.06453164052e-12
37.0625    4.11924122317e-12
37.125     5.30512881393e-12
37.1875    5.24439662479e-12
37.25      6.64701041882e-12
37.3125    7.02728052446e-12
37.375     7.04560010619e-12
37.4375    7.91983275198e-12
37.5       8.22693555846e-12
37.5625    8.04851393517e-12
37.625     9.12592739652e-12
37.6875    8.9869206309e-12
37.75      8.55069253015e-12
37.8125    8.75020942937e-12
37.875     8.81460553485e-12
37.9375    9.30634751964e-12
38.0       9.93587496459e-12
38.0625    9.90889521695e-12
38.125     1.14447423327e-11
38.1875    1.01715869162e-11
38.25      9.97817654423e-12
38.3125    1.05500805776e-11
38.375     1.07595899759e-11
38.4375    1.12931894293e-11
38.5       1.18909629325e-11
38.5625    1.22639052055e-11
38.625     1.08860506037e-11
38.6875    1.21015826086e-11
38.75      1.20771564996e-11
38.8125    1.29285174252e-11
38.875     1.30059037795e-11
38.9375    1.30308850273e-11
39.0       1.40089286362e-11
39.0625    1.45937118907e-11
39.125     1.42020059249e-11
39.1875    1.49149152237e-11
39.25      1.45055558428e-11
39.3125    1.38887965912e-11
39.375     1.34154852159e-11
39.4375    1.33757372749e-11
39.5       1.38620388991e-11
39.5625    1.43231372199e-11
39.625     1.55594314173e-11
39.6875    1.77300242831e-11
39.75      1.9585076232e-11
39.8125    1.93539164189e-11
39.875     2.07648572955e-11
39.9375    2.07309938263e-11
40.0       2.08937605343e-11
40.0625    2.1486537788e-11
40.125     2.16393119969e-11
40.1875    2.14457905971e-11
40.25      2.23990750138e-11
40.3125    2.22822738018e-11
40.375     2.33549130691e-11
40.4375    2.29785289353e-11
40.5       2.30455897072e-11
40.5625    2.35963984646e-11
40.625     2.37583879783e-11
40.6875    2.29668710197e-11
40.75      2.42287016038e-11
40.8125    1.64928418635e-11
40.875     1.51019970129e-11
40.9375    1.01028607278e-11
41.0       1.01232898371e-11
41.0625    1.30033501408e-11
41.125     1.33113411695e-11
41.1875    1.41474912908e-11
41.25      1.58485477254e-11
41.3125    1.67960586981e-11
41.375     1.62352574416e-11
41.4375    1.80508945328e-11
41.5       1.79883858994e-11
41.5625    1.79414211535e-11
41.625     1.81926769927e-11
41.6875    1.83354587024e-11
41.75      1.99337034238e-11
41.8125    2.09486082517e-11
41.875     2.03120860574e-11
41.9375    2.28713871391e-11
42.0       2.20836451247e-11
42.0625    2.15209563961e-11
42.125     2.14079301282e-11
42.1875    2.11878730919e-11
42.25      2.26488874919e-11
42.3125    2.35352221644e-11
42.375     2.25807164423e-11
42.4375    1.89471106767e-11
42.5       1.98796329007e-11
42.5625    1.96886651396e-11
42.625     1.91214242726e-11
42.6875    1.91812682396e-11
42.75      1.88358608531e-11
42.8125    1.99056133985e-11
42.875     1.96450312268e-11
42.9375    1.91929261552e-11
43.0       1.83891961421e-11
43.0625    1.82450820992e-11
43.125     1.7606561405e-11
43.1875    1.73675186204e-11
43.25      1.68708914138e-11
43.3125    1.53845626826e-11
43.375     1.46266871378e-11
43.4375    1.30533126365e-11
43.5       1.16756800903e-11
43.5625    1.14844902736e-11
43.625     1.09977445384e-11
43.6875    8.34440293708e-12
43.75      7.78715456913e-12
43.8125    6.71984463468e-12
43.875     6.07599460764e-12
43.9375    5.2662690951e-12
44.0       3.2755412136e-12
44.0625    2.24620277583e-12
44.125     1.77111495625e-12
44.1875    5.57692479016e-13
44.25      8.42145620812e-13
44.3125    1.32722593951e-12
44.375     2.05534604251e-12
44.4375    2.96033338005e-12
44.5       3.32994481996e-12
44.5625    4.08115869872e-12
44.625     3.29563723963e-12
44.6875    3.78871155762e-12
44.75      3.5363454408e-12
44.8125    4.0687235887e-12
44.875     6.17059026603e-12
44.9375    6.86517998308e-12
45.0       7.72775471322e-12
45.0625    9.11149378667e-12
45.125     1.06873108989e-11
45.1875    1.10948938355e-11
45.25      1.21811895183e-11
45.3125    1.26470620331e-11
45.375     1.35788070627e-11
45.4375    1.42438633935e-11
45.5       1.48948191977e-11
45.5625    1.75239567456e-11
45.625     1.85628435714e-11
45.6875    1.89136913185e-11
45.75      2.11312489302e-11
45.8125    2.12272879496e-11
45.875     2.17687703744e-11
45.9375    2.2205553614e-11
46.0       2.28468500024e-11
46.0625    2.33122784061e-11
46.125     2.43548291483e-11
46.1875    2.63477775852e-11
46.25      2.68947003707e-11
46.3125    2.93323150187e-11
46.375     2.98000750056e-11
46.4375    3.22745508725e-11
46.5       3.2838238851e-11
46.5625    3.36731676669e-11
46.625     3.48909202271e-11
46.6875    3.57644867063e-11
46.75      3.60498280702e-11
46.8125    3.72352715499e-11
46.875     3.7634971515e-11
46.9375    3.81320428326e-11
47.0       3.85169761045e-11
47.0625    3.90344765315e-11
47.125     4.13510709123e-11
47.1875    4.23170124945e-11
47.25      4.22349629739e-11
47.3125    4.42815378227e-11
47.375     4.35201093893e-11
47.4375    4.39006015505e-11
47.5       4.36948670962e-11
47.5625    4.42111462178e-11
47.625     4.56674974515e-11
47.6875    4.64100511644e-11
47.75      4.73382433054e-11
47.8125    4.79712126112e-11
47.875     4.94670897304e-11
47.9375    4.98733403338e-11
48.0       5.16185858201e-11
48.0625    5.19832010104e-11
48.125     5.26153931218e-11
48.1875    5.34489896045e-11
48.25      5.42405065631e-11
48.3125    5.45457218975e-11
48.375     5.56042606383e-11
48.4375    5.55745051964e-11
48.5       5.5883939586e-11
48.5625    5.57923416774e-11
48.625     5.65151324475e-11
48.6875    5.74588684761e-11
48.75      5.78504634141e-11
48.8125    6.01260885485e-11
48.875     6.20076761339e-11
48.9375    6.45437724122e-11
49.0       6.477271167e-11
49.0625    6.62380561529e-11
49.125     6.67753195226e-11
49.1875    6.79682018628e-11
49.25      6.79869655556e-11
49.3125    6.89441359441e-11
49.375     7.19521002367e-11
49.4375    7.27197462251e-11
49.5       7.27161933365e-11
49.5625    7.45028521803e-11
49.625     7.43849406906e-11
49.6875    7.49511823078e-11
49.75      7.44427861578e-11
49.8125    7.49620630291e-11
49.875     7.45943390612e-11
49.9375    7.52607277252e-11
50.0       7.08248353075e-11
50.0625    7.17971054725e-11
50.125     7.09518510741e-11
50.1875    7.15487363553e-11
50.25      7.27037582265e-11
50.3125    7.27538317499e-11
50.375     7.41457868782e-11
50.4375    7.41290216852e-11
50.5       7.50941860731e-11
50.5625    7.53586542166e-11
50.625     7.67119716816e-11
50.6875    7.67727038707e-11
50.75      7.77651810895e-11
50.8125    7.72698862162e-11
50.875     7.80750595902e-11
50.9375    8.03766652223e-11
51.0       8.04631558536e-11
51.0625    7.92774903184e-11
51.125     8.06497935318e-11
51.1875    8.02641940932e-11
51.25      8.05978325363e-11
51.3125    7.87138023399e-11
51.375     7.94051722517e-11
51.4375    7.69173730525e-11
51.5       7.63121606888e-11
51.5625    7.8960283985e-11
51.625     8.0910597759e-11
51.6875    8.47121885377e-11
51.75      8.46565636259e-11
51.8125    8.59583642065e-11
51.875     8.60407468104e-11
51.9375    8.67710874688e-11
52.0       8.56753544257e-11
52.0625    8.65076185751e-11
52.125     8.6941404065e-11
52.1875    8.68110574653e-11
52.25      8.61880806586e-11
52.3125    8.68916636249e-11
52.375     8.58005937481e-11
52.4375    8.63526238109e-11
52.5       8.60856020287e-11
52.5625    8.5754184141e-11
52.625     8.00686741937e-11
52.6875    8.04114169137e-11
52.75      8.38435072803e-11
52.8125    8.42282184967e-11
52.875     7.23029479838e-11
52.9375    7.25054626327e-11
53.0       7.34123374423e-11
53.0625    7.24153080851e-11
53.125     7.41803165141e-11
53.1875    7.75403498592e-11
53.25      7.74856131695e-11
53.3125    7.70276236262e-11
53.375     7.88792337143e-11
53.4375    7.81946364964e-11
53.5       7.87905225277e-11
53.5625    7.78619973033e-11
53.625     7.83745014807e-11
53.6875    7.81398998068e-11
53.75      7.70740332333e-11
53.8125    7.42839054217e-11
53.875     7.54525837084e-11
53.9375    7.52436294489e-11
54.0       7.50826391852e-11
54.0625    7.16157971272e-11
54.125     7.1407175951e-11
54.1875    7.29312541233e-11
54.25      7.22278932126e-11
54.3125    7.46567366669e-11
54.375     7.51171688211e-11
54.4375    7.52990323052e-11
54.5       7.50357854671e-11
54.5625    7.62950624125e-11
54.625     7.58812619209e-11
54.6875    7.69514585773e-11
54.75      7.78245809454e-11
54.8125    7.79565929617e-11
54.875     7.72188134429e-11
54.9375    7.78754316632e-11
55.0       7.71469784769e-11
55.0625    7.76346124343e-11
55.125     7.50729797694e-11
55.1875    7.59990623828e-11
55.25      7.59582041642e-11
55.3125    7.57595754871e-11
55.375     9.25606304348e-11
55.4375    9.57900951246e-11
55.5       9.2521770716e-11
55.5625    9.32847535381e-11
55.625     9.69750944932e-11
55.6875    9.75138012239e-11
55.75      9.9953747455e-11
55.8125    9.82623504363e-11
55.875     1.01723863161e-10
55.9375    1.03116262401e-10
56.0       1.05180601692e-10
56.0625    1.04976865738e-10
56.125     1.09250657614e-10
56.1875    1.08046228386e-10
56.25      1.11017997627e-10
56.3125    1.09438072487e-10
56.375     1.12279051016e-10
56.4375    1.13211462213e-10
56.5       1.12593592683e-10
56.5625    9.98518239639e-11
56.625     1.03282359942e-10
56.6875    9.57877635415e-11
56.75      9.88735582995e-11
56.8125    1.15244380646e-10
56.875     1.15987711553e-10
56.9375    1.2584386858e-10
57.0       1.31388706345e-10
57.0625    1.4113905391e-10
57.125     1.43865673838e-10
57.1875    1.50195811007e-10
57.25      1.50683555992e-10
57.3125    1.57551844752e-10
57.375     1.55284546701e-10
57.4375    1.6368057755e-10
57.5       1.66834543357e-10
57.5625    1.70790795817e-10
57.625     1.67926945567e-10
57.6875    1.75687120389e-10
57.75      1.69771227823e-10
57.8125    1.74151606356e-10
57.875     1.66906822434e-10
57.9375    1.71522468809e-10
58.0       2.22582029816e-10
58.0625    2.20920499267e-10
58.125     2.12866989083e-10
58.1875    2.18811970924e-10
58.25      2.67555381662e-10
58.3125    2.70619970116e-10
58.375     2.86537577113e-10
58.4375    2.87122471396e-10
58.5       2.95197631995e-10
58.5625    2.89667338868e-10
58.625     3.0115338353e-10
58.6875    3.03118575025e-10
58.75      3.05987976663e-10
58.8125    3.03547253237e-10
58.875     3.11163425044e-10
58.9375    3.07254581441e-10
59.0       3.13683977434e-10
59.0625    3.16716589891e-10
59.125     3.19824368147e-10
59.1875    2.96640104758e-10
59.25      3.04472780712e-10
59.3125    2.79581576416e-10
59.375     2.84373090775e-10
59.4375    3.04910896285e-10
59.5       3.08573036187e-10
59.5625    3.22450507946e-10
59.625     3.19982471689e-10
59.6875    3.32148006292e-10
59.75      3.36286011208e-10
59.8125    3.46372994965e-10
59.875     3.47285643219e-10
59.9375    3.58211552791e-10
60.0       3.57138358385e-10
60.0625    3.63563646351e-10
60.125     3.51864206318e-10
60.1875    3.59416648186e-10
60.25      3.62200780498e-10
60.3125    3.60632624302e-10
60.375     3.51944923506e-10
60.4375    3.57435801776e-10
60.5       3.50428728305e-10
60.5625    3.55018727265e-10
60.625     3.68760301035e-10
60.6875    3.7072849028e-10
60.75      3.86234628369e-10
60.8125    3.92536120373e-10
60.875     4.02618440964e-10
60.9375    4.07256181864e-10
61.0       4.15713944152e-10
61.0625    4.16808788973e-10
61.125     4.25456852856e-10
61.1875    4.23032228457e-10
61.25      4.29409108316e-10
61.3125    4.32225549709e-10
61.375     4.3827400943e-10
61.4375    4.38836365075e-10
61.5       4.44818208135e-10
61.5625    4.42229928806e-10
61.625     4.473778423e-10
61.6875    4.40396860355e-10
61.75      4.43831060249e-10
61.8125    4.48471798899e-10
61.875     4.44229760965e-10
61.9375    4.14405703961e-10
62.0       4.19374418638e-10
62.0625    4.07879602782e-10
62.125     4.11551846211e-10
62.1875    4.26768090797e-10
62.25      4.27311349666e-10
62.3125    4.31628442372e-10
62.375     4.26353735166e-10
62.4375    4.32340352421e-10
62.5       4.35224742807e-10
62.5625    4.34771083347e-10
62.625     4.34993582994e-10
62.6875    4.39772440188e-10
62.75      4.3697465146e-10
62.8125    4.40296713308e-10
62.875     4.42932179439e-10
62.9375    4.44618247125e-10
63.0       4.45236782821e-10
63.0625    4.50483622057e-10
63.125     4.45645031924e-10
63.1875    4.48810655647e-10
63.25      4.46165752156e-10
63.3125    4.47805632291e-10
63.375     4.68265940418e-10
63.4375    4.64021792956e-10
63.5       4.60173903598e-10
63.5625    4.6408530084e-10
63.625     4.76630106298e-10
63.6875    4.80343096918e-10
63.75      4.83254022941e-10
63.8125    4.81983310136e-10
63.875     4.85253410989e-10
63.9375    4.71377826702e-10
64.0       4.72597244679e-10
64.0625    4.74825016845e-10
64.125     4.70070474733e-10
64.1875    4.71027867177e-10
64.25      4.73658670141e-10
64.3125    4.70494711835e-10
64.375     4.73013154698e-10
64.4375    4.80456234214e-10
64.5       4.79478079577e-10
64.5625    4.09801604475e-10
64.625     4.14952071608e-10
64.6875    3.90248282184e-10
64.75      3.93032969635e-10
64.8125    4.09037955486e-10
64.875     4.10133799557e-10
64.9375    4.13646163e-10
65.0       4.1067883487e-10
65.0625    4.11188785409e-10
65.125     4.14878016086e-10
65.1875    4.1661293599e-10
65.25      4.18463213745e-10
65.3125    4.21833017534e-10
65.375     4.2072540452e-10
65.4375    4.24239322351e-10
65.5       4.13485505819e-10
65.5625    4.13242132952e-10
65.625     4.167517207e-10
65.6875    4.12180485433e-10
65.75      4.09534804748e-10
65.8125    4.11946216843e-10
65.875     4.06101159993e-10
65.9375    4.07713616268e-10
66.0       4.28742941707e-10
66.0625    4.27537180146e-10
66.125     4.33807029237e-10
66.1875    4.33145192711e-10
66.25      4.27748021878e-10
66.3125    4.29137645423e-10
66.375     4.30043854066e-10
66.4375    4.31761453638e-10
66.5       4.3421128134e-10
66.5625    4.30469423501e-10
66.625     4.32983314226e-10
66.6875    4.35787098453e-10
66.75      4.36091980704e-10
66.8125    4.37032385899e-10
66.875     4.43121814867e-10
66.9375    4.42081151597e-10
67.0       4.44343453399e-10
67.0625    4.37974345484e-10
67.125     4.39031884975e-10
67.1875    4.64115167309e-10
67.25      4.59691376918e-10
67.3125    4.09998234652e-10
67.375     4.12639474227e-10
67.4375    4.75138115151e-10
67.5       4.77176918056e-10
67.5625    4.85173693051e-10
67.625     4.84232954772e-10
67.6875    4.88185099205e-10
67.75      4.65568520793e-10
67.8125    4.65299389483e-10
67.875     4.67100703993e-10
67.9375    4.6487326491e-10
68.0       4.65701087948e-10
68.0625    4.68867044755e-10
68.125     4.6476379153e-10
68.1875    4.68925334333e-10
68.25      4.72495654271e-10
68.3125    4.72295693261e-10
68.375     4.70212257193e-10
68.4375    4.77190241388e-10
68.5       4.76786766479e-10
68.5625    4.78963243817e-10
68.625     4.839151933e-10
68.6875    4.85771799638e-10
68.75      4.91092139256e-10
68.8125    4.86646587422e-10
68.875     4.87249801286e-10
68.9375    4.91676367372e-10
69.0       4.94653465945e-10
69.0625    4.96830276365e-10
69.125     5.03155306257e-10
69.1875    5.02945019664e-10
69.25      5.05924116737e-10
69.3125    4.91023635123e-10
69.375     4.93019692337e-10
69.4375    4.9469499033e-10
69.5       4.90719530066e-10
69.5625    4.90412538288e-10
69.625     4.9525612467e-10
69.6875    4.92044424423e-10
69.75      4.9575552757e-10
69.8125    5.07361815306e-10
69.875     5.06328812952e-10
69.9375    5.08524053982e-10
70.0       5.16652063799e-10
70.0625    4.58262338515e-10
70.125     4.60721936661e-10
70.1875    4.67090600466e-10
70.25      4.6991092783e-10
70.3125    4.72204317407e-10
70.375     4.6891056764e-10
70.4375    4.71571015018e-10
70.5       4.76161791173e-10
70.5625    4.75337521022e-10
70.625     4.77565293189e-10
70.6875    4.83956051519e-10
70.75      4.83827370336e-10
70.8125    4.87143436685e-10
70.875     4.77571510744e-10
70.9375    4.80151796074e-10
71.0       4.87657606279e-10
71.0625    4.81368327328e-10
71.125     4.68073085185e-10
71.1875    4.73265631842e-10
71.25      4.73307378283e-10
71.3125    4.76104500844e-10
71.375     4.92365960839e-10
71.4375    4.92573138654e-10
71.5       4.95865445061e-10
71.5625    4.8185029887e-10
71.625     4.78090787615e-10
71.6875    4.81931460168e-10
71.75      4.78422649614e-10
71.8125    4.81214997981e-10
71.875     4.83659052239e-10
71.9375    4.80348426251e-10
72.0       4.82820348479e-10
72.0625    4.87853681317e-10
72.125     4.85924018708e-10
72.1875    4.86983334643e-10
72.25      4.93730492109e-10
72.3125    4.94448952796e-10
72.375     4.96440346844e-10
72.4375    4.89123950011e-10
72.5       4.91617411627e-10
72.5625    5.2002275581e-10
72.625     5.14706746275e-10
72.6875    5.01251069007e-10
72.75      5.06877290126e-10
72.8125    5.13240291514e-10
72.875     5.16426233319e-10
72.9375    5.23125315761e-10
73.0       5.23935596412e-10
73.0625    5.25912223767e-10
73.125     5.04067510399e-10
73.1875    5.04448890783e-10
73.25      5.09262277612e-10
73.3125    5.03539018223e-10
73.375     5.04498964306e-10
73.4375    5.06838097324e-10
73.5       5.04040974763e-10
73.5625    5.06111642637e-10
73.625     5.13675187281e-10
73.6875    5.12296555485e-10
73.75      5.10734394789e-10
73.8125    5.15919835669e-10
73.875     5.00508626322e-10
73.9375    5.02472485483e-10
74.0       5.2918532237e-10
74.0625    5.31075237038e-10
74.125     5.35355135441e-10
74.1875    5.30741931678e-10
74.25      5.3472793958e-10
74.3125    5.40466409772e-10
74.375     5.39828111134e-10
74.4375    5.42111064101e-10
74.5       5.48437426325e-10
74.5625    5.49563803032e-10
74.625     5.51092988482e-10
74.6875    5.36101019987e-10
74.75      5.38313914433e-10
74.8125    5.45220285718e-10
74.875     5.38702289565e-10
74.9375    5.32077262645e-10
75.0       5.3689131564e-10
75.0625    5.34811432461e-10
75.125     5.36718556433e-10
75.1875    5.62817298735e-10
75.25      5.62145136627e-10
75.3125    5.6348957187e-10
75.375     5.59780911334e-10
75.4375    5.46855502686e-10
75.5       5.47925699342e-10
75.5625    5.49127019793e-10
75.625     5.50177231451e-10
75.6875    5.56562216337e-10
75.75      5.53448553609e-10
75.8125    5.58272154993e-10
75.875     5.6172067747e-10
75.9375    5.60290639817e-10
76.0       5.61962718004e-10
76.0625    5.70352975409e-10
76.125     5.68840000014e-10
76.1875    5.71807217115e-10
76.25      5.60461733607e-10
76.3125    5.63590052001e-10
76.375     5.8337175841e-10
76.4375    5.7895240913e-10
76.5       5.24499950557e-10
76.5625    5.30437604566e-10
76.625     5.49492967316e-10
76.6875    5.5086327203e-10
76.75      5.70101608542e-10
76.8125    5.70894568862e-10
76.875     5.75258848369e-10
76.9375    5.49877234422e-10
77.0       5.543205657e-10
77.0625    5.5744055701e-10
77.125     5.53346852174e-10
77.1875    5.53857246824e-10
77.25      5.61695363138e-10
77.3125    5.59444386169e-10
77.375     5.6222507662e-10
77.4375    5.63435057236e-10
77.5       5.65340293736e-10
77.5625    5.66470556415e-10
77.625     5.76954464443e-10
77.6875    5.7119412178e-10
77.75      5.75541080956e-10
77.8125    5.70280585304e-10
77.875     5.74486539214e-10
77.9375    5.88713526387e-10
78.0       5.84666231158e-10
78.0625    5.86058852453e-10
78.125     5.93129877918e-10
78.1875    5.94823273436e-10
78.25      5.97039387687e-10
78.3125    6.07564375989e-10
78.375     6.08945894507e-10
78.4375    6.11737243624e-10
78.5       5.95589031953e-10
78.5625    6.01198598907e-10
78.625     6.06952501959e-10
78.6875    6.01959472201e-10
78.75      6.00443499056e-10
78.8125    6.08601153287e-10
78.875     6.07255163655e-10
78.9375    6.1122007628e-10
79.0       6.16037127026e-10
79.0625    6.18060719127e-10
79.125     9.94101555026e-11
79.1875    8.75186374312e-11
79.25      1.43185850814e-10
79.3125    1.37760145844e-10
79.375     1.33724952641e-10
79.4375    1.30812139146e-10
79.5       1.24745470871e-10
79.5625    1.27064507862e-10
79.625     1.24482001977e-10
79.6875    1.17847870779e-10
79.75      1.1717826231e-10
79.8125    1.12663651205e-10
79.875     1.05511131358e-10
79.9375    1.05653579984e-10
80.0       1.01736076216e-10
80.0625    1.12354660926e-10
80.125     1.08396187911e-10
80.1875    9.81018042836e-11
80.25      1.04124949674e-10
80.3125    1.16093409988e-10
80.375     1.07774543438e-10
80.4375    1.06838801409e-10
80.5       1.03726026903e-10
80.5625    7.65092349771e-11
80.625     7.41788731531e-11
80.6875    7.49589542516e-11
80.75      9.79682378786e-11
80.8125    9.61409428717e-11
80.875     8.96795708811e-11
80.9375    9.5838725287e-11
81.0       9.40861519681e-11
81.0625    8.78719277892e-11
81.125     8.9391453823e-11
81.1875    8.7614454395e-11
81.25      8.37949881456e-11
81.3125    8.34308170664e-11
81.375     7.71052320361e-11
81.4375    7.15878181296e-11
81.5       7.47575498803e-11
81.5625    7.20453635619e-11
81.625     8.11359841281e-11
81.6875    7.91469216632e-11
81.75      2.75770770333e-11
81.8125    3.17759251661e-11
81.875     6.21426858999e-11
81.9375    5.44704450707e-11
82.0       5.49991593023e-11
82.0625    5.79053111315e-11
82.125     6.86259303608e-11
82.1875    6.96040849975e-11
82.25      7.3746642052e-11
82.3125    4.92999929395e-11
82.375     5.37700819097e-11
82.4375    6.0038709695e-11
82.5       5.61188743433e-11
82.5625    5.72601287713e-11
82.625     6.36306800476e-11
82.6875    6.27052636007e-11
82.75      6.35009996145e-11
82.8125    6.96305096063e-11
82.875     7.07975224765e-11
82.9375    7.08041841426e-11
83.0       7.57262671567e-11
83.0625    5.38291486824e-11
83.125     5.69732330186e-11
83.1875    6.0809908572e-11
83.25      6.24082643211e-11
83.3125    8.32066520026e-11
83.375     8.03891003323e-11
83.4375    8.37947660901e-11
83.5       8.92789826939e-11
83.5625    9.62705122771e-11
83.625     9.92428366561e-11
83.6875    1.10549904556e-10
83.75      1.10237694473e-10
83.8125    1.16084971878e-10
83.875     1.00935788064e-10
83.9375    1.06439656582e-10
84.0       1.14779729437e-10
84.0625    1.14282325036e-10
84.125     1.10361934545e-10
84.1875    1.17938136355e-10
84.25      1.14787057269e-10
84.3125    1.17190364337e-10
84.375     1.20745584498e-10
84.4375    1.22619622195e-10
84.5       1.33630579038e-10
84.5625    1.31244814358e-10
84.625     1.30834788811e-10
84.6875    1.35399251384e-10
84.75      1.41793562602e-10
84.8125    1.433437323e-10
84.875     1.50458946817e-10
84.9375    1.48546826595e-10
85.0       1.52882016827e-10
85.0625    1.56569137977e-10
85.125     1.61116391246e-10
85.1875    1.64782195065e-10
85.25      1.71266438775e-10
85.3125    1.68161880325e-10
85.375     1.73029337677e-10
85.4375    1.63638386998e-10
85.5       1.66112862865e-10
85.5625    1.77703162601e-10
85.625     1.77456791984e-10
85.6875    1.47693800253e-10
85.75      1.522361683e-10
85.8125    1.37773136093e-10
85.875     1.40655750035e-10
85.9375    1.64226501085e-10
86.0       1.65056433652e-10
86.0625    1.72003219044e-10
86.125     1.63510816092e-10
86.1875    1.70851528006e-10
86.25      1.77425593181e-10
86.3125    1.7841707115e-10
86.375     1.79881416383e-10
86.4375    1.8743441339e-10
86.5       1.86173582055e-10
86.5625    1.89359856943e-10
86.625     1.913224948e-10
86.6875    1.94879602433e-10
86.75      2.02864497457e-10
86.8125    2.1063855075e-10
86.875     2.02624344395e-10
86.9375    2.07619816764e-10
87.0       2.05012884769e-10
87.0625    2.07533992299e-10
87.125     2.55626447233e-10
87.1875    2.55171677495e-10
87.25      2.50444226158e-10
87.3125    2.56516667877e-10
87.375     2.8073448876e-10
87.4375    2.83939527341e-10
87.5       2.93438619066e-10
87.5625    2.93816890671e-10
87.625     2.98759069711e-10
87.6875    2.93580512553e-10
87.75      2.97786688519e-10
87.8125    3.0150256586e-10
87.875     3.01514001721e-10
87.9375    3.01300828406e-10
88.0       3.07478746505e-10
88.0625    3.04155574379e-10
88.125     3.08013567263e-10
88.1875    3.11209723623e-10
88.25      3.13219992392e-10
88.3125    3.34157497866e-10
88.375     3.44245369846e-10
88.4375    3.02154520915e-10
88.5       3.07007322601e-10
88.5625    3.24929646979e-10
88.625     3.27139654702e-10
88.6875    3.40647403993e-10
88.75      3.4030432819e-10
88.8125    3.43188385493e-10
88.875     3.48905427327e-10
88.9375    3.55477160919e-10
89.0       3.59528786231e-10
89.0625    3.64202944239e-10
89.125     3.62667430207e-10
89.1875    3.70714500781e-10
89.25      3.66378422327e-10
89.3125    3.68904415078e-10
89.375     3.71041810641e-10
89.4375    3.69567694965e-10
89.5       3.65391607524e-10
89.5625    3.71214680876e-10
89.625     3.64732102582e-10
89.6875    3.68311193714e-10
89.75      3.81388710403e-10
89.8125    3.82686069873e-10
89.875     3.93958608138e-10
89.9375    3.89691588955e-10
90.0       3.98743793914e-10
90.0625    4.0423089724e-10
90.125     4.08707536848e-10
90.1875    4.10273805572e-10
90.25      4.16611825713e-10
90.3125    4.15153809062e-10
90.375     4.19075531886e-10
90.4375    4.24117302834e-10
90.5       4.27340438941e-10
90.5625    4.30267686046e-10
90.625     4.36511443612e-10
90.6875    4.33011182195e-10
90.75      4.38486072467e-10
90.8125    4.33972682667e-10
90.875     4.35562156195e-10
90.9375    4.43605451825e-10
91.0       4.42137331647e-10
91.0625    4.05397354971e-10
91.125     4.10544935382e-10
91.1875    3.51500368322e-10
91.25      3.55209806053e-10
91.3125    3.64973699005e-10
91.375     3.64811154353e-10
91.4375    3.74925228885e-10
91.5       3.66754917488e-10
91.5625    3.72118335881e-10
91.625     3.75655569544e-10
91.6875    3.781847821e-10
91.75      3.79840650233e-10
91.8125    3.85691036416e-10
91.875     3.82352542458e-10
91.9375    3.87725509238e-10
92.0       3.9271487508e-10
92.0625    3.95330023129e-10
92.125     3.94003574384e-10
92.1875    4.03063218203e-10
92.25      3.90782880888e-10
92.3125    3.96580528881e-10
92.375     3.95858071194e-10
92.4375    3.97611421707e-10
92.5       4.19289038284e-10
92.5625    4.18206628573e-10
92.625     4.24659562453e-10
92.6875    4.29548892276e-10
92.75      4.45724638834e-10
92.8125    4.49471492923e-10
92.875     4.58642497593e-10
92.9375    4.57972222957e-10
93.0       4.66078693388e-10
93.0625    4.60244628286e-10
93.125     4.65226000129e-10
93.1875    4.67980154943e-10
93.25      4.6900904927e-10
93.3125    4.68133595319e-10
93.375     4.74792041598e-10
93.4375    4.67804509014e-10
93.5       4.73733724913e-10
93.5625    4.79577671485e-10
93.625     4.80987502084e-10
93.6875    5.9180653795e-10
93.75      6.00940459346e-10
93.8125    5.73451871444e-10
93.875     5.7852706175e-10
93.9375    6.07809636329e-10
94.0       6.10878665894e-10
94.0625    6.20088086172e-10
94.125     6.18715116792e-10
94.1875    6.2823941182e-10
94.25      6.35623202508e-10
94.3125    6.42464400493e-10
94.375     6.45541090974e-10
94.4375    6.55639399563e-10
94.5       6.54242448185e-10
94.5625    6.62487925381e-10
94.625     6.58107324792e-10
94.6875    6.62593401761e-10
94.75      6.65719166515e-10
94.8125    6.64288462696e-10
94.875     6.54636041623e-10
94.9375    6.60590793908e-10
95.0       6.43587668423e-10
95.0625    6.50506474818e-10
95.125     6.72295785329e-10
95.1875    6.72566026917e-10
95.25      6.8394359745e-10
95.3125    6.70627037975e-10
95.375     6.78924920277e-10
95.4375    6.83941265867e-10
95.5       6.88963162844e-10
95.5625    6.92946061968e-10
95.625     6.9991527497e-10
95.6875    6.98499226816e-10
95.75      7.06893814304e-10
95.8125    7.14175459445e-10
95.875     7.17649074197e-10
95.9375    7.22021569759e-10
96.0       7.31823767291e-10
96.0625    7.28394452619e-10
96.125     7.36905397208e-10
96.1875    7.33099032235e-10
96.25      7.37650060448e-10
96.3125    7.60780808454e-10
96.375     7.57853783404e-10
96.4375    7.34936985908e-10
96.5       7.44505803071e-10
96.5625    8.01983324212e-10
96.625     8.07811504842e-10
96.6875    8.17056454005e-10
96.75      8.18215916987e-10
96.8125    8.26352031832e-10
96.875     8.19602431755e-10
96.9375    8.25597709175e-10
97.0       8.31868557516e-10
97.0625    8.32432356522e-10
97.125     8.36598673519e-10
97.1875    8.42468378534e-10
97.25      8.39383027887e-10
97.3125    8.47995451856e-10
97.375     8.57518858662e-10
97.4375    8.58716293141e-10
97.5       8.61647204162e-10
97.5625    8.6698497514e-10
97.625     8.54658450273e-10
97.6875    8.61339324161e-10
97.75      8.78405846503e-10
97.8125    8.84327734568e-10
97.875     8.92722766167e-10
97.9375    8.90324788433e-10
98.0       8.97582895687e-10
98.0625    9.09608535302e-10
98.125     9.20893619704e-10
98.1875    9.27556285038e-10
98.25      9.3693269108e-10
98.3125    9.38576679242e-10
98.375     9.46440220915e-10
98.4375    9.41382128885e-10
98.5       9.47432365051e-10
98.5625    9.53718091112e-10
98.625     9.52133280751e-10
98.6875    9.49658249745e-10
98.75      9.5774506826e-10
98.8125    9.53002739202e-10
98.875     9.61470049879e-10
98.9375    9.71606107909e-10
99.0       9.7387296185e-10
99.0625    9.89406301742e-10
99.125     9.65080339813e-10
99.1875    9.45164400832e-10
99.25      9.53013397868e-10
99.3125    9.67292790147e-10
99.375     9.73377111838e-10
99.4375    9.79201406495e-10
99.5       9.77099317762e-10
99.5625    9.83904986862e-10
99.625     9.98585966578e-10
99.6875    1.00342078177e-09
99.75      1.01071297455e-09
99.8125    1.0206456297e-09
99.875     1.02508818379e-09
99.9375    1.02943292241e-09
100.0      1.02515468942e-09
