0.0625     3.33066907388e-14
0.125      2.14042561453e-10
0.1875     4.28118651641e-10
0.25       6.42195185918e-10
0.3125     8.5627194224e-10
0.375      1.07034869856e-09
0.4375     1.28442589897e-09
0.5        1.49850332143e-09
0.5625     1.71258118797e-09
0.625      1.92665927656e-09
0.6875     2.14073736515e-09
0.75       2.35481567579e-09
0.8125     2.56889443051e-09
0.875      2.78297340728e-09
0.9375     2.99705260609e-09
1.0        3.2111318049e-09
1.0625     3.42521166985e-09
1.125      3.63929131275e-09
1.1875     3.85337206588e-09
1.25       4.06745259696e-09
1.3125     4.28153312804e-09
1.375      4.49561432525e-09
1.4375     4.70969530042e-09
1.5        4.92377671968e-09
1.5625     5.13785858303e-09
1.625      5.35194022433e-09
1.6875     5.56602230972e-09
1.75       5.78010461716e-09
1.8125     5.99418714664e-09
1.875      6.20827034226e-09
1.9375     6.42235375992e-09
2.0        6.63643673349e-09
2.0625     6.85052037319e-09
2.125      7.06460423494e-09
2.1875     7.27868854078e-09
2.25       7.49277284662e-09
2.3125     7.70685759655e-09
2.375      7.92094212443e-09
2.4375     8.13502754049e-09
2.5        8.34911251246e-09
2.5625     8.56319792852e-09
2.625      8.77728378867e-09
2.6875     8.99136964883e-09
2.75       9.20545617511e-09
2.8125     9.41954247935e-09
2.875      9.63362922768e-09
2.9375     9.84771597601e-09
3.0        1.00618031684e-08
3.0625     1.02758908049e-08
3.125      1.04899784414e-08
3.1875     1.0704066522e-08
3.25       1.09181546026e-08
3.3125     1.11322431273e-08
3.375      1.13463318741e-08
3.4375     1.15604208428e-08
3.5        1.17745102557e-08
3.5625     1.19885996686e-08
3.625      1.22026895255e-08
3.6875     1.24167791604e-08
3.75       1.26308692394e-08
3.8125     1.28449599845e-08
3.875      1.30590505076e-08
3.9375     1.32731414748e-08
4.0        1.3487232442e-08
4.0625     1.37013238533e-08
4.125      1.39154157086e-08
4.1875     1.4129507786e-08
4.25       1.43435998634e-08
4.3125     1.45576919408e-08
4.375      1.47717846843e-08
4.4375     1.49858774279e-08
4.5        1.51999703935e-08
4.5625     1.54140638031e-08
4.625      1.56281574348e-08
4.6875     1.58422515106e-08
4.75       1.60563453644e-08
4.8125     1.62704396622e-08
4.875      1.64845344042e-08
4.9375     1.66986291461e-08
5.0        1.69127241101e-08
5.0625     1.71268195182e-08
5.125      1.73409149262e-08
5.1875     1.75550105563e-08
5.25       1.77691068526e-08
5.3125     1.79832031488e-08
5.375      1.81972998892e-08
5.4375     1.84113966295e-08
5.5        1.86254938139e-08
5.5625     1.88395909984e-08
5.625      1.90536884048e-08
5.6875     1.92677860333e-08
5.75       1.94818841059e-08
5.8125     1.96959824006e-08
5.875      1.99100809173e-08
5.9375     2.01241798781e-08
6.0        2.03382786168e-08
6.0625     2.05523780217e-08
6.125      2.07664774265e-08
6.1875     2.09805772755e-08
6.25       2.11946771245e-08
6.3125     2.14087774175e-08
6.375      2.16228779326e-08
6.4375     2.18369788918e-08
6.5        2.20510796289e-08
6.5625     2.22651808102e-08
6.625      2.24792822134e-08
6.6875     2.26933840608e-08
6.75       2.29074863523e-08
6.8125     2.31215879776e-08
6.875      2.33356907131e-08
6.9375     2.35497934487e-08
7.0        2.37638966283e-08
7.0625     2.39779995859e-08
7.125      2.41921029875e-08
7.1875     2.44062066113e-08
7.25       2.4620310457e-08
7.3125     2.48344145248e-08
7.375      2.50485185926e-08
7.4375     2.52626233266e-08
7.5        2.54767280605e-08
7.5625     2.56908334606e-08
7.625      2.59049386386e-08
7.6875     2.61190444828e-08
7.75       2.63331501049e-08
7.8125     2.65472563932e-08
7.875      2.67613624594e-08
7.9375     2.69754687476e-08
8.0        2.71895759241e-08
8.0625     2.74036831005e-08
8.125      2.7617790499e-08
8.1875     2.78318981195e-08
8.25       2.80460059621e-08
8.3125     2.82601138046e-08
8.375      2.84742220913e-08
8.4375     2.86883306e-08
8.5        2.89024393307e-08
8.5625     2.91165485056e-08
8.625      2.93306579024e-08
8.6875     2.95447675214e-08
8.75       2.97588773623e-08
8.8125     2.99729874254e-08
8.875      3.01870974884e-08
8.9375     3.04012082175e-08
9.0        3.06153189467e-08
9.0625     3.08294301199e-08
9.125      3.10435410711e-08
9.1875     3.12576524664e-08
9.25       3.14717645278e-08
9.3125     3.16858765892e-08
9.375      3.18999886506e-08
9.4375     3.21141011561e-08
9.5        3.23282138837e-08
9.5625     3.25423268333e-08
9.625      3.27564402269e-08
9.6875     3.29705538427e-08
9.75       3.31846676804e-08
9.8125     3.33987815182e-08
9.875      3.36128958001e-08
9.9375     3.3827010304e-08
10.0       3.40411248079e-08
