0.0625     3.4083846856e-14
0.125      2.14041673274e-10
0.1875     4.28117763462e-10
0.25       6.42194519784e-10
0.3125     8.56271498151e-10
0.375      1.07034825447e-09
0.4375     1.28442545488e-09
0.5        1.49850309938e-09
0.5625     1.71258052184e-09
0.625      1.92665838838e-09
0.6875     2.14073692106e-09
0.75       2.35481545374e-09
0.8125     2.56889398642e-09
0.875      2.78297296319e-09
0.9375     2.997052162e-09
1.0        3.21113136081e-09
1.0625     3.42521100372e-09
1.125      3.63929109071e-09
1.1875     3.8533711777e-09
1.25       4.06745170878e-09
1.3125     4.28153223986e-09
1.375      4.49561299298e-09
1.4375     4.7096941902e-09
1.5        4.92377538741e-09
1.5625     5.13785702871e-09
1.625      5.35193911411e-09
1.6875     5.56602097745e-09
1.75       5.78010350694e-09
1.8125     5.99418581437e-09
1.875      6.20826878794e-09
1.9375     6.42235198356e-09
2.0        6.63643540122e-09
2.0625     6.85051859683e-09
2.125      7.06460245858e-09
2.1875     7.27868676442e-09
2.25       7.49277107026e-09
2.3125     7.70685582019e-09
2.375      7.92094057012e-09
2.4375     8.13502576413e-09
2.5        8.34911095815e-09
2.5625     8.56319637421e-09
2.625      8.77728245641e-09
2.6875     8.99136831656e-09
2.75       9.2054546208e-09
2.8125     9.41954114708e-09
2.875      9.63362789541e-09
2.9375     9.84771508783e-09
3.0        1.00618020582e-08
3.0625     1.02758894727e-08
3.125      1.04899773312e-08
3.1875     1.07040651898e-08
3.25       1.09181534924e-08
3.3125     1.11322420171e-08
3.375      1.13463309859e-08
3.4375     1.15604197326e-08
3.5        1.17745089234e-08
3.5625     1.19885985583e-08
3.625      1.22026881932e-08
3.6875     1.24167780502e-08
3.75       1.26308683512e-08
3.8125     1.28449588743e-08
3.875      1.30590493974e-08
3.9375     1.32731399205e-08
4.0        1.34872313318e-08
4.0625     1.3701322743e-08
4.125      1.39154143763e-08
4.1875     1.41295064537e-08
4.25       1.43435983091e-08
4.3125     1.45576908306e-08
4.375      1.477178313e-08
4.4375     1.49858763177e-08
4.5        1.51999692832e-08
4.5625     1.54140626929e-08
4.625      1.56281563246e-08
4.6875     1.58422501784e-08
4.75       1.60563442542e-08
4.8125     1.62704387741e-08
4.875      1.6484533516e-08
4.9375     1.66986282579e-08
5.0        1.6912723444e-08
5.0625     1.712681863e-08
5.125      1.73409142601e-08
5.1875     1.75550096682e-08
5.25       1.77691059644e-08
5.3125     1.79832020386e-08
5.375      1.81972987789e-08
5.4375     1.84113955193e-08
5.5        1.86254924817e-08
5.5625     1.88395896661e-08
5.625      1.90536870726e-08
5.6875     1.92677851452e-08
5.75       1.94818829957e-08
5.8125     1.96959812904e-08
5.875      1.99100798071e-08
5.9375     2.01241787678e-08
6.0        2.03382775066e-08
6.0625     2.05523771335e-08
6.125      2.07664765384e-08
6.1875     2.09805763873e-08
6.25       2.11946762363e-08
6.3125     2.14087763073e-08
6.375      2.16228766003e-08
6.4375     2.18369775595e-08
6.5        2.20510785187e-08
6.5625     2.22651794779e-08
6.625      2.24792808812e-08
6.6875     2.26933827285e-08
6.75       2.29074847979e-08
6.8125     2.31215868673e-08
6.875      2.33356893808e-08
6.9375     2.35497921164e-08
7.0        2.3763895074e-08
7.0625     2.39779982536e-08
7.125      2.41921014332e-08
7.1875     2.4406205279e-08
7.25       2.46203091248e-08
7.3125     2.48344131926e-08
7.375      2.50485177045e-08
7.4375     2.52626224384e-08
7.5        2.54767269503e-08
7.5625     2.56908321283e-08
7.625      2.59049373064e-08
7.6875     2.61190431505e-08
7.75       2.63331489947e-08
7.8125     2.65472548389e-08
7.875      2.67613613492e-08
7.9375     2.69754680815e-08
8.0        2.71895748138e-08
8.0625     2.74036819903e-08
8.125      2.76177891667e-08
8.1875     2.78318967872e-08
8.25       2.80460048518e-08
8.3125     2.82601126944e-08
8.375      2.8474220759e-08
8.4375     2.86883294898e-08
8.5        2.89024384426e-08
8.5625     2.91165473953e-08
8.625      2.93306567922e-08
8.6875     2.95447661891e-08
8.75       2.9758875586e-08
8.8125     2.9972985871e-08
8.875      3.01870961561e-08
8.9375     3.04012068852e-08
9.0        3.06153173923e-08
9.0625     3.08294283435e-08
9.125      3.10435397388e-08
9.1875     3.12576509121e-08
9.25       3.14717629735e-08
9.3125     3.16858743687e-08
9.375      3.18999866522e-08
9.4375     3.21140991577e-08
9.5        3.23282116632e-08
9.5625     3.25423248348e-08
9.625      3.27564380065e-08
9.6875     3.29705516222e-08
9.75       3.31846652379e-08
9.8125     3.33987792978e-08
9.875      3.36128933576e-08
9.9375     3.38270078615e-08
10.0       3.40411225874e-08
